0.000151
0.000143
0.000143
0.000143
0.000143
0.000143
0.000143
0.000143
0.000143
0.000143
0.000143
0.000143
0.000143
0.000143
0.000143
0.000143
0.000143
0.000143
0.000143
0.000119
0.000041
0.000042
0.000041
0.000041
0.000041
0.000041
0.000042
0.000041
0.000041
0.000042
0.000042
0.000042
0.000042
0.000043
0.000043
0.000043
0.000043
0.000043
0.000043
0.000043
0.000044
0.000044
0.000044
0.000044
0.000044
0.000044
0.000045
0.000045
0.000045
0.000045
0.000046
0.000046
0.000046
0.000046
0.000046
0.000046
0.000046
0.000046
0.000046
0.000047
0.000047
0.000047
0.000047
0.000047
0.000048
0.000048
0.000048
0.000048
0.000048
0.000049
0.000049
0.000049
0.000049
0.000049
0.000049
0.000049
0.000050
0.000050
0.000050
0.000050
0.000050
0.000051
0.000051
0.000051
0.000051
0.000051
0.000051
0.000051
0.000051
0.000052
0.000052
0.000052
0.000052
0.000053
0.000053
0.000053
0.000053
0.000053
0.000054
0.000054
0.000054
0.000054
0.000054
0.000054
0.000054
0.000054
0.000054
0.000054
0.000055
0.000055
0.000056
0.000056
0.000056
0.000056
0.000056
0.000057
0.000057
0.000057
0.000057
0.000057
0.000057
0.000057
0.000057
0.000057
0.000058
0.000058
0.000058
0.000058
0.000058
0.000059
0.000059
0.000059
0.000059
0.000060
0.000060
0.000060
0.000060
0.000060
0.000060
0.000060
0.000060
0.000061
0.000061
0.000061
0.000061
0.000061
0.000062
0.000062
0.000062
0.000062
0.000062
0.000063
0.000062
0.000063
0.000063
0.000063
0.000063
0.000063
0.000063
0.000064
0.000064
0.000064
0.000065
0.000065
0.000065
0.000065
0.000065
0.000065
0.000065
0.000065
0.000065
0.000066
0.000066
0.000066
0.000066
0.000067
0.000067
0.000067
0.000067
0.000067
0.000067
0.000067
0.000067
0.000067
0.000068
0.000067
0.000068
0.000068
0.000068
0.000069
0.000069
0.000069
0.000069
0.000069
0.000070
0.000070
0.000070
0.000070
0.000070
0.000070
0.000070
0.000070
0.000071
0.000071
0.000071
0.000071
0.000071
0.000071
0.000071
0.000072
0.000072
0.000072
0.000073
0.000073
0.000073
0.000073
0.000073
0.000073
0.000073
0.000073
0.000074
0.000074
0.000074
0.000074
0.000074
0.000074
0.000075
0.000075
0.000075
0.000075
0.000075
0.000075
0.000075
0.000075
0.000076
0.000076
0.000076
0.000076
0.000076
0.000077
0.000077
0.000077
0.000077
0.000077
0.000078
0.000078
0.000084
0.000083
0.000084
0.000084
0.000084
0.000085
0.000085
0.000085
0.000085
0.000085
0.000085
0.000086
0.000086
0.000087
0.000087
0.000087
0.000087
0.000087
0.000087
0.000087
0.000087
0.000087
0.000087
0.000088
0.000088
0.000088
0.000088
0.000088
0.000089
0.000089
0.000089
0.000089
0.000090
0.000090
0.000089
0.000090
0.000089
0.000089
0.000090
0.000090
0.000090
0.000090
0.000091
0.000091
0.000092
0.000092
0.000092
0.000092
0.000092
0.000092
0.000092
0.000092
0.000092
0.000092
0.000092
0.000093
0.000093
0.000093
0.000094
0.000094
0.000094
0.000094
0.000094
0.000095
0.000095
0.000095
0.000095
0.000095
0.000095
0.000095
0.000095
0.000095
0.000096
0.000096
0.000096
0.000096
0.000096
0.000096
0.000097
0.000097
0.000097
0.000097
0.000097
0.000097
0.000098
0.000098
0.000098
0.000098
0.000099
0.000099
0.000099
0.000099
0.000099
0.000100
0.000100
0.000100
0.000100
0.000100
0.000100
0.000100
0.000101
0.000101
0.000101
0.000102
0.000102
0.000102
0.000107
0.000107
0.000107
0.000107
0.000107
0.000107
0.000107
0.000108
0.000108
0.000108
0.000109
0.000108
0.000108
0.000108
0.000108
0.000108
0.000108
0.000108
0.000108
0.000108
0.000108
0.000108
0.000108
0.000108
0.000108
0.000109
0.000109
0.000109
0.000109
0.000109
0.000112
0.000113
0.000110
0.000110
0.000109
0.000110
0.000109
0.000110
0.000110
0.000111
0.000111
0.000111
0.000111
0.000110
0.000110
0.000110
0.000110
0.000110
0.000111
0.000110
0.000110
0.000110
0.000110
0.000110
0.000110
0.000110
0.000110
0.000110
0.000110
0.000110
0.000110
0.000110
0.000110
0.000110
0.000110
0.000110
0.000110
0.000110
0.000110
0.000110
0.000110
0.000110
0.000110
0.000110
0.000110
0.000110
0.000111
0.000110
0.000111
0.000110
0.000111
0.000111
0.000111
0.000111
0.000110
0.000111
0.000111
0.000112
0.000111
0.000112
0.000112
0.000113
0.000113
0.000113
0.000113
0.000113
0.000113
0.000113
0.000113
0.000113
0.000113
0.000113
0.000113
0.000113
0.000113
0.000113
0.000113
0.000113
0.000113
0.000113
0.000114
0.000113
0.000113
0.000113
0.000113
0.000113
0.000113
0.000113
0.000114
0.000113
0.000113
0.000113
0.000113
0.000113
0.000113
0.000113
0.000113
0.000113
0.000113
0.000113
0.000113
0.000113
0.000113
0.000113
0.000113
0.000113
0.000113
0.000113
0.000113
0.000113
0.000113
0.000113
0.000113
0.000113
0.000113
0.000113
0.000113
0.000113
0.000113
0.000113
0.000113
0.000113
0.000113
0.000113
0.000113
0.000113
0.000113
0.000113
0.000113
0.000113
0.000113
0.000113
0.000113
0.000113
0.000113
0.000113
0.000113
0.000113
0.000113
0.000113
0.000113
0.000113
0.000113
0.000113
0.000113
0.000113
0.000113
0.000113
0.000113
0.000113
0.000113
0.000113
0.000113
0.000113
0.000113
0.000113
0.000113
0.000113
0.000113
0.000113
0.000113
0.000113
0.000114
0.000113
0.000114
0.000114
0.000114
0.000113
0.000114
0.000114
0.000114
0.000114
0.000114
0.000114
0.000114
0.000114
0.000114
0.000114
0.000114
0.000114
0.000114
0.000114
0.000114
0.000114
0.000114
0.000114
0.000114
0.000114
0.000114
0.000114
0.000114
0.000114
0.000114
0.000114
0.000115
0.000115
0.000114
0.000115
0.000114
0.000114
0.000115
0.000115
0.000115
0.000116
0.000115
0.000116
0.000116
0.000116
0.000116
0.000116
0.000116
0.000116
0.000116
0.000116
0.000116
0.000117
0.000116
0.000117
0.000117
0.000117
0.000117
0.000117
0.000117
0.000117
0.000117
0.000117
0.000117
0.000117
0.000117
0.000117
0.000117
0.000117
0.000117
0.000117
0.000117
0.000117
0.000117
0.000117
0.000117
0.000117
0.000117
0.000117
0.000117
0.000117
0.000117
0.000118
0.000118
0.000118
0.000117
0.000117
0.000119
0.000118
0.000119
0.000119
0.000119
0.000119
0.000119
0.000119
0.000119
0.000119
0.000119
0.000119
0.000119
0.000119
0.000122
0.000123
0.000119
0.000119
0.000119
0.000119
0.000120
0.000119
0.000119
0.000120
0.000120
0.000120
0.000120
0.000120
0.000120
0.000120
0.000120
0.000120
0.000120
0.000120
0.000120
0.000120
0.000121
0.000121
0.000121
0.000121
0.000121
0.000121
0.000121
0.000121
0.000121
0.000121
0.000121
0.000121
0.000122
0.000122
0.000122
0.000122
0.000122
0.000122
0.000122
0.000122
0.000122
0.000122
0.000122
0.000122
0.000122
0.000122
0.000122
0.000122
0.000122
0.000122
0.000122
0.000122
0.000122
0.000122
0.000122
0.000122
0.000122
0.000123
0.000122
0.000123
0.000122
0.000123
0.000123
0.000123
0.000124
0.000124
0.000123
0.000123
0.000124
0.000124
0.000123
0.000123
0.000123
0.000124
0.000124
0.000124
0.000124
0.000124
0.000124
0.000124
0.000124
0.000124
0.000124
0.000124
0.000124
0.000124
0.000124
0.000124
0.000124
0.000125
0.000125
0.000125
0.000125
0.000126
0.000126
0.000126
0.000126
0.000126
0.000127
0.000126
0.000127
0.000127
0.000127
0.000127
0.000127
0.000128
0.000128
0.000128
0.000128
0.000128
0.000128
0.000127
0.000128
0.000128
0.000127
0.000127
0.000127
0.000127
0.000127
0.000127
0.000127
0.000127
0.000127
0.000127
0.000127
0.000127
0.000127
0.000127
0.000127
0.000127
0.000127
0.000127
0.000127
0.000127
0.000127
0.000127
0.000127
0.000127
0.000127
0.000127
0.000127
0.000127
0.000127
0.000127
0.000127
0.000127
0.000127
0.000127
0.000127
0.000127
0.000127
0.000127
0.000127
0.000127
0.000128
0.000129
0.000131
0.000132
0.000134
0.000134
0.000135
0.000135
0.000135
0.000136
0.000136
0.000136
0.000136
0.000136
0.000136
0.000136
0.000136
0.000136
0.000136
0.000136
0.000136
0.000136
0.000137
0.000137
0.000137
0.000137
0.000137
0.000137
0.000137
0.000137
0.000137
0.000137
0.000137
0.000136
0.000138
0.000137
0.000137
0.000137
0.000137
0.000138
0.000138
0.000138
0.000138
0.000138
0.000138
0.000138
0.000138
0.000138
0.000138
0.000138
0.000138
0.000138
0.000137
0.000137
0.000137
0.000137
0.000137
0.000137
0.000137
0.000137
0.000137
0.000137
0.000137
0.000137
0.000137
0.000137
0.000137
0.000137
0.000138
0.000138
0.000138
0.000138
0.000138
0.000138
0.000138
0.000138
0.000138
0.000138
0.000141
0.000141
0.000138
0.000138
0.000138
0.000137
0.000137
0.000137
0.000138
0.000138
0.000138
0.000138
0.000138
0.000138
0.000138
0.000138
0.000138
0.000138
0.000138
0.000138
0.000138
0.000138
0.000138
0.000138
0.000138
0.000139
0.000139
0.000139
0.000138
0.000139
0.000138
0.000139
0.000139
0.000139
0.000139
0.000139
0.000139
0.000139
0.000139
0.000139
0.000139
0.000139
0.000139
0.000139
0.000139
0.000139
0.000139
0.000139
0.000139
0.000139
0.000139
0.000140
0.000139
0.000140
0.000139
0.000140
0.000140
0.000140
0.000140
0.000140
0.000140
0.000140
0.000140
0.000140
0.000140
0.000140
0.000140
0.000140
0.000140
0.000140
0.000140
0.000140
0.000140
0.000140
0.000141
0.000140
0.000140
0.000140
0.000140
0.000140
0.000141
0.000140
0.000140
0.000140
0.000140
0.000140
0.000140
0.000140
0.000140
0.000140
0.000140
0.000140
0.000140
0.000140
0.000140
0.000140
0.000140
0.000140
0.000140
0.000141
0.000141
0.000141
0.000141
0.000141
0.000141
0.000141
0.000141
0.000141
0.000141
0.000141
0.000141
0.000141
0.000141
0.000141
0.000141
0.000141
0.000141
0.000141
0.000141
0.000141
0.000141
0.000141
0.000141
0.000141
0.000141
0.000141
0.000141
0.000141
0.000141
0.000141
0.000141
0.000141
0.000141
0.000142
0.000141
0.000142
0.000142
0.000142
0.000142
0.000142
0.000142
0.000142
0.000142
0.000142
0.000142
0.000142
0.000142
0.000142
0.000142
0.000142
0.000143
0.000142
0.000143
0.000142
0.000142
0.000142
0.000143
0.000143
0.000143
0.000143
0.000143
0.000143
0.000159
0.000193
0.000198
0.000196
0.000198
0.000195
0.000199
0.000203
0.000201
0.000199
0.000199
0.000203
0.000205
0.000203
0.000202
0.000203
0.000206
0.000206
0.000208
0.000205
0.000208
0.000208
0.000205
0.000212
0.000208
0.000212
0.000211
0.000209
0.000209
0.000211
0.000213
0.000212
0.000212
0.000211
0.000215
0.000215
0.000223
0.000215
0.000215
0.000215
0.000215
0.000215
0.000215
0.000215
0.000215
0.000215
0.000215
0.000215
0.000215
0.000215
0.000215
0.000215
0.000215
0.000215
0.000215
0.000215
0.000215
0.000215
0.000215
0.000215
0.000215
0.000215
0.000215
0.000215
0.000215
0.000215
0.000215
0.000215
0.000215
0.000215
0.000215
0.000215
0.000215
0.000215
0.000215
0.000215
0.000215
0.000215
0.000215
0.000215
0.000215
0.000215
0.000215
0.000215
0.000215
0.000215
0.000215
0.000215
0.000215
0.000215
0.000215
0.000215
0.000215
0.000215
0.000215
0.000215
0.000215
0.000215
0.000215
0.000215
0.000215
0.000215
0.000215
0.000215
0.000216
0.000215
0.000215
0.000215
0.000215
0.000215
0.000215
0.000215
0.000215
0.000215
0.000215
0.000215
0.000215
0.000215
0.000215
0.000216
0.000215
0.000215
0.000215
0.000216
0.000215
0.000215
0.000215
0.000215
0.000215
0.000215
0.000215
0.000215
0.000215
0.000215
0.000215
0.000215
0.000215
0.000215
0.000215
0.000215
0.000215
0.000215
0.000216
0.000215
0.000215
0.000215
0.000215
0.000215
0.000215
0.000215
0.000215
0.000215
0.000215
0.000216
0.000215
0.000215
0.000215
0.000215
0.000215
0.000215
0.000215
0.000215
0.000215
0.000216
0.000215
0.000215
0.000216
0.000215
0.000215
0.000215
0.000215
0.000215
0.000215
0.000215
0.000216
0.000215
0.000223
0.000216
0.000219
0.000218
0.000218
0.000218
0.000217
0.000216
0.000216
0.000218
0.000218
0.000216
0.000219
0.000219
0.000216
0.000221
0.000216
0.000216
0.000219
0.000218
0.000221
0.000219
0.000219
0.000218
0.000218
0.000220
0.000216
0.000218
0.000220
0.000219
0.000222
0.000222
0.000218
0.000223
0.000219
0.000222
0.000219
0.000223
0.000221
0.000222
0.000222
0.000225
0.000226
0.000225
0.000226
0.000225
0.000222
0.000229
0.000228
0.000225
0.000224
0.000229
0.000225
0.000226
0.000222
0.000223
0.000225
0.000229
0.000228
0.000229
0.000229
0.000232
0.000233
0.000229
0.000232
0.000234
0.000232
0.000232
0.000228
0.000232
0.000229
0.000233
0.000232
0.000235
0.000234
0.000233
0.000235
0.000232
0.000235
0.000234
0.000234
0.000236
0.000235
0.000236
0.000235
0.000236
0.000236
0.000235
0.000239
0.000235
0.000238
0.000238
0.000236
0.000241
0.000240
0.000241
0.000244
0.000244
0.000245
0.000241
0.000241
0.000239
0.000244
0.000242
0.000245
0.000246
0.000246
0.000242
0.000245
0.000245
0.000251
0.000247
0.000249
0.000251
0.000250
0.000250
0.000251
0.000249
0.000249
0.000250
0.000249
0.000251
0.000255
0.000256
0.000252
0.000255
0.000259
0.000261
0.000265
0.000271
0.000269
0.000265
0.000268
0.000272
0.000272
0.000271
0.000274
0.000278
0.000275
0.000275
0.000278
0.000282
0.000281
0.000281
0.000281
0.000279
0.000285
0.000284
0.000278
0.000279
0.000284
0.000278
0.000282
0.000287
0.000287
0.000287
0.000276
0.000285
0.000284
0.000285
0.000285
0.000287
0.000285
0.000287
0.000284
0.000287
0.000287
0.000284
0.000284
0.000287
0.000287
0.000287
0.000287
0.000287
0.000287
0.000287
0.000287
0.000287
0.000287
0.000287
0.000287
0.000287
0.000287
0.000287
0.000285
0.000287
0.000287
0.000287
0.000287
0.000287
0.000287
0.000287
0.000285
0.000287
0.000287
0.000287
0.000287
0.000287
0.000287
0.000287
0.000287
0.000287
0.000285
0.000287
0.000287
0.000287
0.000287
0.000287
0.000287
0.000287
0.000287
0.000287
0.000287
0.000287
0.000287
0.000287
0.000287
0.000287
0.000287
0.000287
0.000287
0.000287
0.000287
0.000287
0.000287
0.000287
0.000287
0.000287
0.000287
0.000285
0.000287
0.000287
0.000287
0.000287
0.000287
0.000293
0.000287
0.000287
0.000287
0.000287
0.000287
0.000287
0.000287
0.000287
0.000287
0.000287
0.000287
0.000287
0.000287
0.000287
0.000287
0.000287
0.000287
0.000287
0.000287
0.000287
0.000287
0.000287
0.000287
0.000287
0.000287
0.000287
0.000287
0.000287
0.000287
0.000287
0.000287
0.000287
0.000287
0.000287
0.000287
0.000287
0.000287
0.000287
0.000287
0.000287
0.000287
0.000287
0.000287
0.000287
0.000287
0.000287
0.000287
0.000287
0.000287
0.000287
0.000287
0.000287
0.000287
0.000287
0.000287
0.000287
0.000287
0.000287
0.000287
0.000287
0.000287
0.000287
0.000287
0.000287
0.000287
0.000287
0.000287
0.000287
0.000287
0.000287
0.000287
0.000287
0.000287
0.000287
0.000287
0.000287
0.000287
0.000287
0.000287
0.000287
0.000287
0.000287
0.000287
0.000287
0.000287
0.000287
0.000287
0.000287
0.000287
0.000287
0.000287
0.000287
0.000287
0.000287
0.000287
0.000287
0.000287
0.000287
0.000287
0.000287
0.000287
0.000287
0.000287
0.000292
0.000287
0.000287
0.000287
0.000287
0.000287
0.000287
0.000287
0.000287
0.000287
0.000287
0.000287
0.000287
0.000287
0.000287
0.000287
0.000287
0.000287
0.000287
0.000287
0.000287
0.000287
0.000287
0.000287
0.000287
0.000287
0.000287
0.000287
0.000287
0.000287
0.000287
0.000287
0.000287
0.000287
0.000287
0.000287
0.000287
0.000287
0.000287
0.000287
0.000287
0.000287
0.000287
0.000287
0.000287
0.000287
0.000287
0.000287
0.000287
0.000287
0.000287
0.000287
0.000287
0.000287
0.000287
0.000287
0.000287
0.000287
0.000287
0.000287
0.000287
0.000287
0.000287
0.000287
0.000287
0.000287
0.000287
0.000287
0.000287
0.000287
0.000287
0.000287
0.000287
0.000287
0.000287
0.000287
0.000287
0.000287
0.000287
0.000287
0.000287
0.000287
0.000287
0.000287
0.000287
0.000287
0.000287
0.000287
0.000287
0.000287
0.000287
0.000287
0.000287
0.000287
0.000287
0.000287
0.000287
0.000287
0.000287
0.000287
0.000287
0.000287
0.000287
0.000287
0.000287
0.000292
0.000287
0.000287
0.000287
0.000287
0.000287
0.000287
0.000287
0.000287
0.000287
0.000287
0.000287
0.000287
0.000287
0.000287
0.000287
0.000287
0.000287
0.000287
0.000287
0.000287
0.000287
0.000287
0.000287
0.000287
0.000287
0.000287
0.000287
0.000287
0.000287
0.000287
0.000287
0.000287
0.000287
0.000287
0.000287
0.000287
0.000287
0.000287
0.000287
0.000287
0.000287
0.000287
0.000287
0.000287
0.000287
0.000287
0.000287
0.000287
0.000287
0.000287
0.000287
0.000287
0.000287
0.000287
0.000287
0.000287
0.000287
0.000287
0.000287
0.000287
0.000287
0.000287
0.000287
0.000287
0.000287
0.000287
0.000287
0.000287
0.000287
0.000287
0.000287
0.000287
0.000287
0.000287
0.000287
0.000287
0.000287
0.000287
0.000287
0.000287
0.000287
0.000287
0.000287
0.000287
0.000287
0.000287
0.000287
0.000287
0.000287
0.000287
0.000287
0.000287
0.000287
0.000287
0.000287
0.000287
0.000287
0.000287
0.000287
0.000287
0.000287
0.000287
0.000287
0.000287
0.000295
0.000287
0.000287
0.000287
0.000287
0.000287
0.000287
0.000287
0.000287
0.000287
0.000287
0.000287
0.000287
0.000287
0.000287
0.000287
0.000287
0.000287
0.000287
0.000287
0.000287
0.000287
0.000287
0.000287
0.000287
0.000287
0.000287
0.000287
0.000287
0.000287
0.000287
0.000287
0.000287
0.000287
0.000287
0.000287
0.000287
0.000287
0.000287
0.000287
0.000287
0.000287
0.000287
0.000287
0.000287
0.000287
0.000287
0.000287
0.000287
0.000287
0.000287
0.000287
0.000287
0.000287
0.000286
0.000287
0.000287
0.000287
0.000287
0.000287
0.000287
0.000287
0.000287
0.000287
0.000287
0.000287
0.000287
0.000287
0.000287
0.000287
0.000287
0.000287
0.000287
0.000287
0.000287
0.000287
0.000287
0.000287
0.000287
0.000287
0.000287
0.000287
0.000287
0.000287
0.000287
0.000287
0.000287
0.000287
0.000287
0.000287
0.000287
0.000287
0.000287
0.000287
0.000287
0.000287
0.000287
0.000287
0.000287
0.000287
0.000287
0.000287
0.000287
0.000287
0.000287
0.000295
0.000287
0.000287
0.000287
0.000287
0.000287
0.000287
0.000287
0.000287
0.000287
0.000287
0.000287
0.000287
0.000287
0.000287
0.000287
0.000287
0.000287
0.000287
0.000287
0.000287
0.000287
0.000287
0.000287
0.000287
0.000287
0.000287
0.000287
0.000287
0.000287
0.000287
0.000287
0.000287
0.000287
0.000287
0.000287
0.000287
0.000287
0.000287
0.000287
0.000287
0.000287
0.000287
0.000287
0.000287
0.000287
0.000287
0.000287
0.000287
0.000287
0.000287
0.000287
0.000287
0.000287
0.000287
0.000287
0.000287
0.000287
0.000287
0.000287
0.000288
0.000287
0.000287
0.000287
0.000287
0.000287
0.000287
0.000287
0.000287
0.000287
0.000287
0.000287
0.000287
0.000287
0.000287
0.000287
0.000287
0.000287
0.000287
0.000287
0.000287
0.000287
0.000287
0.000287
0.000287
0.000287
0.000287
0.000287
0.000287
0.000287
0.000287
0.000287
0.000287
0.000287
0.000287
0.000287
0.000287
0.000287
0.000287
0.000287
0.000287
0.000287
0.000287
0.000287
0.000294
0.000287
0.000287
0.000287
0.000287
0.000287
0.000287
0.000287
0.000287
0.000287
0.000287
0.000287
0.000287
0.000287
0.000287
0.000287
0.000287
0.000287
0.000287
0.000287
0.000287
0.000287
0.000287
0.000287
0.000287
0.000287
0.000287
0.000287
0.000287
0.000287
0.000287
0.000287
0.000287
0.000287
0.000287
0.000287
0.000287
0.000287
0.000287
0.000287
0.000287
0.000287
0.000287
0.000287
0.000287
0.000287
0.000287
0.000287
0.000287
0.000287
0.000287
0.000287
0.000287
0.000287
0.000287
0.000287
0.000287
0.000287
0.000287
0.000287
0.000287
0.000287
0.000287
0.000287
0.000287
0.000287
0.000287
0.000287
0.000287
0.000287
0.000287
0.000287
0.000287
0.000287
0.000287
0.000287
0.000287
0.000287
0.000287
0.000287
0.000287
0.000287
0.000287
0.000287
0.000287
0.000287
0.000287
0.000287
0.000287
0.000287
0.000287
0.000287
0.000287
0.000287
0.000287
0.000287
0.000287
0.000287
0.000287
0.000287
0.000287
0.000287
0.000287
0.000287
0.000287
0.000295
0.000287
0.000287
0.000287
0.000287
0.000287
0.000287
0.000287
0.000287
0.000287
0.000287
0.000287
0.000288
0.000287
0.000287
0.000287
0.000287
0.000287
0.000287
0.000287
0.000287
0.000287
0.000287
0.000287
0.000287
0.000287
0.000288
0.000287
0.000287
0.000287
0.000288
0.000288
0.000287
0.000287
0.000287
0.000287
0.000287
0.000287
0.000287
0.000287
0.000287
0.000288
0.000287
0.000287
0.000287
0.000288
0.000287
0.000287
0.000287
0.000287
0.000287
0.000287
0.000287
0.000287
0.000287
0.000287
0.000287
0.000287
0.000287
0.000287
0.000287
0.000287
0.000287
0.000287
0.000287
0.000287
0.000288
0.000287
0.000287
0.000287
0.000287
0.000288
0.000287
0.000287
0.000287
0.000287
0.000287
0.000287
0.000288
0.000287
0.000288
0.000288
0.000289
0.000288
0.000287
0.000287
0.000288
0.000287
0.000289
0.000289
0.000288
0.000288
0.000287
0.000288
0.000295
0.000298
0.000289
0.000297
0.000304
0.000292
0.000312
0.000312
0.000330
0.000325
0.000363
0.000367
0.000391
0.000384
0.000389
0.000393
0.000401
0.000407
0.000408
0.000417
0.000417
0.000417
0.000427
0.000424
0.000427
0.000430
0.000430
0.000429
0.000430
0.000430
0.000430
0.000430
0.000430
0.000430
0.000430
0.000430
0.000430
0.000429
0.000430
0.000430
0.000430
0.000430
0.000430
0.000430
0.000430
0.000430
0.000430
0.000430
0.000430
0.000429
0.000430
0.000430
0.000430
0.000430
0.000430
0.000430
0.000430
0.000430
0.000430
0.000430
0.000430
0.000430
0.000430
0.000430
0.000430
0.000430
0.000430
0.000430
0.000430
0.000430
0.000430
0.000430
0.000430
0.000430
0.000430
0.000430
0.000430
0.000430
0.000430
0.000430
0.000430
0.000434
0.000430
0.000430
0.000430
0.000430
0.000430
0.000430
0.000430
0.000430
0.000430
0.000430
0.000430
0.000430
0.000430
0.000430
0.000430
0.000430
0.000430
0.000430
0.000430
0.000430
0.000430
0.000430
0.000430
0.000430
0.000430
0.000430
0.000430
0.000430
0.000430
0.000430
0.000430
0.000430
0.000430
0.000430
0.000430
0.000430
0.000430
0.000430
0.000430
0.000429
0.000430
0.000430
0.000430
0.000430
0.000430
0.000430
0.000430
0.000430
0.000430
0.000430
0.000430
0.000430
0.000430
0.000430
0.000430
0.000430
0.000430
0.000430
0.000430
0.000430
0.000430
0.000430
0.000430
0.000430
0.000430
0.000430
0.000430
0.000430
0.000430
0.000436
0.000430
0.000430
0.000430
0.000430
0.000430
0.000430
0.000430
0.000430
0.000430
0.000430
0.000430
0.000430
0.000430
0.000430
0.000430
0.000430
0.000430
0.000430
0.000430
0.000430
0.000430
0.000430
0.000430
0.000430
0.000430
0.000430
0.000430
0.000430
0.000430
0.000430
0.000430
0.000430
0.000430
0.000430
0.000430
0.000430
0.000430
0.000430
0.000430
0.000430
0.000430
0.000430
0.000430
0.000430
0.000430
0.000430
0.000430
0.000430
0.000430
0.000430
0.000430
0.000430
0.000430
0.000430
0.000430
0.000430
0.000430
0.000430
0.000430
0.000430
0.000430
0.000430
0.000430
0.000430
0.000430
0.000430
0.000430
0.000430
0.000437
0.000430
0.000430
0.000430
0.000430
0.000430
0.000430
0.000430
0.000430
0.000430
0.000430
0.000430
0.000430
0.000430
0.000430
0.000430
0.000430
0.000430
0.000430
0.000430
0.000430
0.000430
0.000430
0.000430
0.000430
0.000430
0.000430
0.000430
0.000430
0.000430
0.000430
0.000430
0.000430
0.000430
0.000430
0.000430
0.000430
0.000430
0.000430
0.000430
0.000430
0.000430
0.000430
0.000430
0.000430
0.000430
0.000430
0.000430
0.000430
0.000430
0.000430
0.000430
0.000430
0.000430
0.000430
0.000430
0.000430
0.000430
0.000430
0.000430
0.000430
0.000430
0.000430
0.000430
0.000430
0.000430
0.000430
0.000430
0.000430
0.000430
0.000437
0.000430
0.000430
0.000430
0.000430
0.000430
0.000430
0.000430
0.000430
0.000430
0.000430
0.000430
0.000430
0.000430
0.000430
0.000430
0.000430
0.000430
0.000430
0.000430
0.000430
0.000430
0.000430
0.000430
0.000430
0.000430
0.000430
0.000430
0.000430
0.000430
0.000430
0.000430
0.000430
0.000430
0.000430
0.000430
0.000430
0.000430
0.000430
0.000430
0.000430
0.000430
0.000430
0.000430
0.000430
0.000430
0.000430
0.000430
0.000430
0.000430
0.000430
0.000430
0.000430
0.000430
0.000430
0.000430
0.000430
0.000430
0.000430
0.000430
0.000430
0.000430
0.000430
0.000430
0.000430
0.000430
0.000430
0.000430
0.000430
0.000430
0.000434
0.000430
0.000430
0.000430
0.000430
0.000430
0.000430
0.000430
0.000430
0.000430
0.000430
0.000430
0.000430
0.000430
0.000430
0.000430
0.000430
0.000430
0.000430
0.000430
0.000430
0.000430
0.000430
0.000430
0.000430
0.000430
0.000430
0.000430
0.000430
0.000430
0.000430
0.000430
0.000430
0.000430
0.000430
0.000430
0.000430
0.000430
0.000430
0.000430
0.000430
0.000430
0.000430
0.000430
0.000430
0.000430
0.000430
0.000430
0.000430
0.000430
0.000430
0.000430
0.000430
0.000430
0.000430
0.000430
0.000430
0.000430
0.000430
0.000430
0.000430
0.000430
0.000430
0.000430
0.000430
0.000430
0.000430
0.000430
0.000430
0.000430
0.000433
0.000430
0.000430
0.000430
0.000430
0.000430
0.000430
0.000430
0.000430
0.000430
0.000430
0.000430
0.000430
0.000430
0.000430
0.000430
0.000430
0.000430
0.000430
0.000430
0.000430
0.000430
0.000430
0.000430
0.000430
0.000430
0.000430
0.000430
0.000430
0.000430
0.000430
0.000430
0.000430
0.000430
0.000430
0.000430
0.000430
0.000430
0.000430
0.000430
0.000430
0.000430
0.000430
0.000430
0.000430
0.000430
0.000430
0.000430
0.000430
0.000430
0.000430
0.000430
0.000430
0.000430
0.000430
0.000430
0.000430
0.000430
0.000430
0.000430
0.000430
0.000430
0.000430
0.000430
0.000430
0.000430
0.000430
0.000430
0.000430
0.000430
0.000433
0.000430
0.000430
0.000430
0.000430
0.000430
0.000430
0.000430
0.000430
0.000430
0.000430
0.000430
0.000430
0.000430
0.000430
0.000430
0.000430
0.000430
0.000430
0.000430
0.000430
0.000430
0.000430
0.000430
0.000430
0.000430
0.000430
0.000430
0.000430
0.000430
0.000430
0.000430
0.000430
0.000430
0.000430
0.000430
0.000430
0.000430
0.000430
0.000430
0.000430
0.000430
0.000430
0.000430
0.000430
0.000430
0.000430
0.000430
0.000430
0.000430
0.000430
0.000430
0.000430
0.000430
0.000430
0.000430
0.000430
0.000430
0.000430
0.000430
0.000430
0.000430
0.000430
0.000430
0.000430
0.000430
0.000430
0.000430
0.000430
0.000430
0.000433
0.000430
0.000430
0.000430
0.000430
0.000430
0.000430
0.000430
0.000430
0.000430
0.000430
0.000430
0.000430
0.000430
0.000430
0.000430
0.000430
0.000430
0.000430
0.000430
0.000430
0.000430
0.000430
0.000430
0.000430
0.000430
0.000430
0.000430
0.000430
0.000430
0.000430
0.000430
0.000430
0.000430
0.000430
0.000430
0.000430
0.000430
0.000430
0.000430
0.000430
0.000430
0.000430
0.000430
0.000430
0.000430
0.000430
0.000430
0.000430
0.000430
0.000430
0.000430
0.000430
0.000430
0.000430
0.000430
0.000430
0.000430
0.000430
0.000430
0.000430
0.000430
0.000430
0.000430
0.000430
0.000430
0.000430
0.000430
0.000430
0.000437
0.000430
0.000430
0.000430
0.000430
0.000430
0.000430
0.000430
0.000430
0.000430
0.000430
0.000430
0.000430
0.000431
0.000430
0.000430
0.000430
0.000430
0.000430
0.000430
0.000430
0.000430
0.000430
0.000430
0.000430
0.000430
0.000430
0.000430
0.000430
0.000430
0.000430
0.000430
0.000430
0.000430
0.000430
0.000430
0.000430
0.000430
0.000430
0.000430
0.000430
0.000430
0.000430
0.000430
0.000430
0.000430
0.000430
0.000430
0.000430
0.000430
0.000430
0.000430
0.000430
0.000430
0.000430
0.000430
0.000430
0.000430
0.000430
0.000430
0.000430
0.000430
0.000430
0.000430
0.000430
0.000430
0.000430
0.000430
0.000430
0.000430
0.000436
0.000430
0.000430
0.000430
0.000430
0.000430
0.000430
0.000430
0.000430
0.000430
0.000430
0.000430
0.000430
0.000430
0.000430
0.000430
0.000430
0.000430
0.000430
0.000430
0.000430
0.000430
0.000430
0.000430
0.000430
0.000430
0.000430
0.000430
0.000430
0.000430
0.000430
0.000430
0.000430
0.000430
0.000430
0.000430
0.000430
0.000430
0.000430
0.000430
0.000430
0.000430
0.000430
0.000430
0.000430
0.000430
0.000430
0.000430
0.000430
0.000430
0.000430
0.000430
0.000430
0.000430
0.000430
0.000430
0.000430
0.000430
0.000430
0.000430
0.000430
0.000430
0.000430
0.000430
0.000430
0.000430
0.000430
0.000430
0.000430
0.000430
0.000437
0.000430
0.000430
0.000430
0.000430
0.000430
0.000430
0.000430
0.000430
0.000430
0.000430
0.000430
0.000430
0.000430
0.000430
0.000430
0.000430
0.000430
0.000430
0.000430
0.000430
0.000430
0.000430
0.000430
0.000430
0.000430
0.000430
0.000430
0.000430
0.000430
0.000430
0.000430
0.000430
0.000430
0.000430
0.000430
0.000430
0.000430
0.000430
0.000430
0.000430
0.000430
0.000430
0.000430
0.000430
0.000430
0.000430
0.000430
0.000430
0.000430
0.000430
0.000430
0.000430
0.000430
0.000430
0.000430
0.000430
0.000430
0.000430
0.000430
0.000430
0.000430
0.000430
0.000429
0.000430
0.000430
0.000430
0.000430
0.000429
0.000430
0.000429
0.000424
0.000430
0.000429
0.000429
0.000426
0.000429
0.000429
0.000429
0.000430
0.000429
0.000430
0.000427
0.000418
0.000427
0.000429
0.000423
0.000420
0.000423
0.000424
0.000424
0.000414
0.000411
0.000411
0.000417
0.000417
0.000416
0.000410
0.000408
0.000413
0.000401
0.000404
0.000410
0.000408
0.000407
0.000410
0.000411
0.000411
0.000408
0.000401
0.000403
0.000406
0.000396
0.000397
0.000400
0.000401
0.000401
0.000400
0.000400
0.000400
0.000403
0.000400
0.000398
0.000401
0.000401
0.000397
0.000397
0.000403
0.000404
0.000403
0.000404
0.000407
0.000410
0.000408
0.000413
0.000414
0.000417
0.000420
0.000419
0.000424
0.000417
0.000421
0.000427
0.000433
0.000429
0.000426
0.000430
0.000429
0.000430
0.000430
0.000430
0.000430
0.000430
0.000430
0.000430
0.000430
0.000430
0.000430
0.000430
0.000430
0.000430
0.000430
0.000430
0.000430
0.000430
0.000430
0.000430
0.000430
0.000430
0.000430
0.000430
0.000430
0.000430
0.000430
0.000430
0.000430
0.000430
0.000430
0.000430
0.000430
0.000430
0.000430
0.000430
0.000430
0.000430
0.000430
0.000430
0.000430
0.000430
0.000430
0.000430
0.000430
0.000430
0.000430
0.000430
0.000430
0.000430
0.000430
0.000430
0.000430
0.000430
0.000430
0.000430
0.000430
0.000430
0.000430
0.000430
0.000430
0.000430
0.000430
0.000430
0.000430
0.000434
0.000431
0.000430
0.000430
0.000430
0.000430
0.000430
0.000430
0.000430
0.000430
0.000430
0.000430
0.000430
0.000430
0.000430
0.000430
0.000430
0.000430
0.000430
0.000430
0.000431
0.000430
0.000430
0.000430
0.000430
0.000430
0.000430
0.000430
0.000430
0.000430
0.000430
0.000430
0.000430
0.000430
0.000430
0.000430
0.000430
0.000430
0.000430
0.000430
0.000430
0.000430
0.000430
0.000430
0.000430
0.000430
0.000430
0.000430
0.000430
0.000430
0.000430
0.000430
0.000430
0.000430
0.000430
0.000430
0.000430
0.000430
0.000430
0.000430
0.000430
0.000430
0.000430
0.000430
0.000430
0.000430
0.000430
0.000430
0.000430
0.000430
0.000436
0.000430
0.000430
0.000430
0.000430
0.000430
0.000430
0.000430
0.000430
0.000430
0.000430
0.000430
0.000430
0.000430
0.000430
0.000430
0.000430
0.000430
0.000430
0.000430
0.000430
0.000430
0.000430
0.000430
0.000430
0.000430
0.000430
0.000430
0.000430
0.000430
0.000430
0.000430
0.000430
0.000430
0.000430
0.000430
0.000430
0.000430
0.000430
0.000430
0.000430
0.000430
0.000430
0.000430
0.000430
0.000430
0.000430
0.000430
0.000430
0.000430
0.000430
0.000430
0.000430
0.000430
0.000430
0.000430
0.000430
0.000430
0.000430
0.000430
0.000430
0.000430
0.000430
0.000430
0.000430
0.000430
0.000430
0.000430
0.000430
0.000430
0.000436
0.000430
0.000430
0.000430
0.000430
0.000430
0.000430
0.000430
0.000430
0.000430
0.000430
0.000430
0.000430
0.000430
0.000430
0.000430
0.000430
0.000430
0.000430
0.000430
0.000430
0.000430
0.000430
0.000430
0.000430
0.000430
0.000430
0.000430
0.000430
0.000430
0.000430
0.000430
0.000430
0.000430
0.000430
0.000430
0.000430
0.000430
0.000430
0.000430
0.000430
0.000430
0.000430
0.000430
0.000430
0.000430
0.000430
0.000430
0.000430
0.000430
0.000430
0.000430
0.000430
0.000430
0.000430
0.000430
0.000430
0.000430
0.000430
0.000430
0.000430
0.000430
0.000430
0.000430
0.000430
0.000430
0.000430
0.000430
0.000430
0.000430
0.000437
0.000430
0.000430
0.000430
0.000430
0.000430
0.000430
0.000430
0.000430
0.000430
0.000430
0.000430
0.000430
0.000430
0.000430
0.000430
0.000430
0.000430
0.000430
0.000430
0.000430
0.000430
0.000430
0.000430
0.000430
0.000430
0.000430
0.000430
0.000430
0.000430
0.000430
0.000430
0.000430
0.000430
0.000430
0.000430
0.000430
0.000430
0.000430
0.000430
0.000430
0.000430
0.000430
0.000430
0.000430
0.000430
0.000430
0.000430
0.000430
0.000430
0.000430
0.000430
0.000430
0.000430
0.000430
0.000430
0.000430
0.000430
0.000430
0.000430
0.000430
0.000430
0.000430
0.000430
0.000430
0.000430
0.000430
0.000430
0.000430
0.000430
0.000439
0.000430
0.000430
0.000430
0.000430
0.000430
0.000430
0.000430
0.000430
0.000430
0.000430
0.000430
0.000430
0.000430
0.000430
0.000430
0.000430
0.000430
0.000430
0.000430
0.000430
0.000430
0.000430
0.000430
0.000430
0.000430
0.000430
0.000430
0.000430
0.000430
0.000430
0.000430
0.000430
0.000430
0.000430
0.000430
0.000430
0.000430
0.000430
0.000430
0.000430
0.000430
0.000430
0.000430
0.000430
0.000430
0.000430
0.000430
0.000430
0.000430
0.000430
0.000430
0.000430
0.000430
0.000430
0.000430
0.000430
0.000430
0.000430
0.000430
0.000430
0.000430
0.000430
0.000430
0.000430
0.000430
0.000430
0.000430
0.000430
0.000430
0.000437
0.000430
0.000430
0.000430
0.000430
0.000430
0.000430
0.000430
0.000430
0.000430
0.000430
0.000431
0.000430
0.000430
0.000430
0.000430
0.000430
0.000430
0.000430
0.000430
0.000430
0.000430
0.000430
0.000430
0.000430
0.000430
0.000430
0.000430
0.000430
0.000430
0.000430
0.000430
0.000430
0.000430
0.000430
0.000430
0.000430
0.000430
0.000430
0.000430
0.000430
0.000430
0.000430
0.000430
0.000430
0.000430
0.000430
0.000430
0.000430
0.000430
0.000430
0.000430
0.000430
0.000430
0.000430
0.000430
0.000430
0.000430
0.000430
0.000430
0.000430
0.000430
0.000430
0.000430
0.000430
0.000430
0.000430
0.000430
0.000430
0.000436
0.000430
0.000430
0.000430
0.000430
0.000430
0.000430
0.000430
0.000430
0.000430
0.000430
0.000430
0.000430
0.000430
0.000430
0.000430
0.000430
0.000430
0.000430
0.000430
0.000430
0.000430
0.000430
0.000430
0.000430
0.000430
0.000430
0.000430
0.000430
0.000430
0.000430
0.000430
0.000430
0.000430
0.000430
0.000430
0.000430
0.000430
0.000430
0.000430
0.000430
0.000430
0.000430
0.000430
0.000430
0.000430
0.000430
0.000430
0.000430
0.000430
0.000430
0.000430
0.000430
0.000430
0.000430
0.000430
0.000430
0.000430
0.000430
0.000430
0.000430
0.000430
0.000430
0.000430
0.000430
0.000430
0.000430
0.000430
0.000430
0.000430
0.000437
0.000430
0.000430
0.000430
0.000430
0.000430
0.000430
0.000430
0.000430
0.000430
0.000430
0.000430
0.000430
0.000430
0.000430
0.000430
0.000430
0.000430
0.000430
0.000430
0.000430
0.000430
0.000430
0.000430
0.000430
0.000430
0.000430
0.000430
0.000430
0.000430
0.000430
0.000430
0.000430
0.000430
0.000430
0.000430
0.000430
0.000430
0.000430
0.000430
0.000430
0.000430
0.000430
0.000430
0.000430
0.000430
0.000430
0.000430
0.000430
0.000430
0.000430
0.000430
0.000430
0.000430
0.000430
0.000430
0.000430
0.000430
0.000430
0.000430
0.000430
0.000430
0.000430
0.000430
0.000430
0.000430
0.000430
0.000430
0.000430
0.000430
0.000437
0.000430
0.000430
0.000430
0.000430
0.000430
0.000430
0.000430
0.000430
0.000430
0.000430
0.000430
0.000430
0.000430
0.000430
0.000430
0.000430
0.000430
0.000430
0.000430
0.000430
0.000430
0.000430
0.000430
0.000430
0.000430
0.000430
0.000430
0.000430
0.000430
0.000430
0.000430
0.000430
0.000430
0.000430
0.000430
0.000430
0.000430
0.000430
0.000430
0.000430
0.000430
0.000430
0.000430
0.000430
0.000430
0.000430
0.000430
0.000430
0.000430
0.000430
0.000430
0.000430
0.000430
0.000430
0.000430
0.000430
0.000430
0.000430
0.000430
0.000430
0.000430
0.000430
0.000430
0.000430
0.000430
0.000430
0.000430
0.000430
0.000430
0.000439
0.000430
0.000430
0.000430
0.000430
0.000430
0.000430
0.000430
0.000430
0.000430
0.000430
0.000430
0.000430
0.000430
0.000430
0.000430
0.000430
0.000430
0.000430
0.000430
0.000430
0.000430
0.000430
0.000430
0.000430
0.000430
0.000430
0.000430
0.000430
0.000430
0.000430
0.000430
0.000430
0.000430
0.000430
0.000430
0.000430
0.000430
0.000430
0.000430
0.000430
0.000430
0.000430
0.000430
0.000430
0.000430
0.000430
0.000430
0.000430
0.000430
0.000430
0.000430
0.000430
0.000430
0.000430
0.000430
0.000430
0.000430
0.000430
0.000430
0.000430
0.000430
0.000430
0.000430
0.000430
0.000430
0.000430
0.000430
0.000430
0.000430
0.000437
0.000430
0.000430
0.000430
0.000430
0.000430
0.000430
0.000430
0.000430
0.000430
0.000430
0.000430
0.000430
0.000430
0.000431
0.000430
0.000430
0.000430
0.000430
0.000430
0.000430
0.000430
0.000430
0.000430
0.000430
0.000430
0.000430
0.000430
0.000430
0.000430
0.000430
0.000430
0.000430
0.000430
0.000430
0.000430
0.000430
0.000430
0.000430
0.000430
0.000430
0.000430
0.000430
0.000430
0.000430
0.000430
0.000430
0.000430
0.000430
0.000430
0.000430
0.000430
0.000430
0.000430
0.000430
0.000430
0.000430
0.000430
0.000430
0.000430
0.000430
0.000430
0.000430
0.000430
0.000430
0.000430
0.000430
0.000430
0.000430
0.000430
0.000436
0.000430
0.000430
0.000430
0.000430
0.000430
0.000430
0.000430
0.000430
0.000430
0.000430
0.000430
0.000430
0.000430
0.000430
0.000430
0.000430
0.000430
0.000430
0.000430
0.000430
0.000430
0.000430
0.000430
0.000430
0.000430
0.000430
0.000430
0.000430
0.000430
0.000430
0.000430
0.000430
0.000430
0.000430
0.000430
0.000430
0.000430
0.000430
0.000430
0.000430
0.000430
0.000430
0.000430
0.000430
0.000430
0.000430
0.000430
0.000430
0.000430
0.000430
0.000430
0.000430
0.000430
0.000430
0.000430
0.000430
0.000430
0.000430
0.000430
0.000433
0.000430
0.000430
0.000430
0.000430
0.000430
0.000430
0.000430
0.000430
0.000439
0.000433
0.000430
0.000430
0.000430
0.000431
0.000431
0.000430
0.000431
0.000430
0.000430
0.000430
0.000430
0.000436
0.000431
0.000430
0.000434
0.000434
0.000430
0.000433
0.000436
0.000434
0.000440
0.000456
0.000450
0.000466
0.000505
0.000530
0.000553
0.000559
0.000563
0.000572
0.000569
0.000572
0.000569
0.000572
0.000569
0.000570
0.000570
0.000573
0.000573
0.000573
0.000573
0.000573
0.000573
0.000573
0.000573
0.000573
0.000573
0.000573
0.000573
0.000573
0.000573
0.000572
0.000573
0.000573
0.000573
0.000572
0.000573
0.000573
0.000573
0.000573
0.000573
0.000573
0.000573
0.000573
0.000572
0.000573
0.000573
0.000573
0.000573
0.000573
0.000573
0.000573
0.000573
0.000573
0.000573
0.000573
0.000573
0.000573
0.000573
0.000573
0.000573
0.000573
0.000573
0.000573
0.000573
0.000573
0.000573
0.000573
0.000573
0.000573
0.000573
0.000573
0.000573
0.000573
0.000573
0.000573
0.000573
0.000573
0.000573
0.000573
0.000573
0.000573
0.000573
0.000573
0.000573
0.000573
0.000573
0.000573
0.000573
0.000573
0.000579
0.000573
0.000573
0.000573
0.000573
0.000573
0.000573
0.000573
0.000573
0.000573
0.000573
0.000573
0.000573
0.000573
0.000573
0.000573
0.000573
0.000573
0.000573
0.000573
0.000573
0.000573
0.000573
0.000573
0.000573
0.000573
0.000573
0.000573
0.000573
0.000573
0.000573
0.000573
0.000573
0.000573
0.000573
0.000573
0.000573
0.000573
0.000573
0.000573
0.000573
0.000573
0.000573
0.000573
0.000573
0.000573
0.000573
0.000573
0.000573
0.000573
0.000573
0.000573
0.000576
0.000573
0.000573
0.000573
0.000573
0.000573
0.000573
0.000573
0.000573
0.000573
0.000573
0.000573
0.000573
0.000573
0.000573
0.000573
0.000573
0.000573
0.000573
0.000573
0.000573
0.000573
0.000573
0.000573
0.000573
0.000573
0.000573
0.000573
0.000573
0.000573
0.000573
0.000573
0.000573
0.000573
0.000573
0.000573
0.000573
0.000573
0.000573
0.000573
0.000573
0.000573
0.000573
0.000573
0.000573
0.000573
0.000573
0.000573
0.000573
0.000573
0.000573
0.000573
0.000576
0.000573
0.000573
0.000573
0.000573
0.000573
0.000573
0.000573
0.000573
0.000573
0.000573
0.000573
0.000573
0.000573
0.000573
0.000573
0.000573
0.000573
0.000573
0.000573
0.000573
0.000573
0.000573
0.000573
0.000573
0.000573
0.000573
0.000573
0.000573
0.000573
0.000573
0.000573
0.000573
0.000573
0.000573
0.000573
0.000573
0.000573
0.000573
0.000573
0.000573
0.000573
0.000573
0.000573
0.000573
0.000573
0.000573
0.000573
0.000573
0.000573
0.000573
0.000573
0.000573
0.000576
0.000573
0.000573
0.000573
0.000573
0.000573
0.000573
0.000573
0.000573
0.000573
0.000573
0.000573
0.000573
0.000573
0.000573
0.000573
0.000573
0.000573
0.000573
0.000573
0.000573
0.000573
0.000573
0.000573
0.000573
0.000573
0.000573
0.000573
0.000573
0.000573
0.000573
0.000573
0.000573
0.000573
0.000573
0.000573
0.000573
0.000573
0.000573
0.000573
0.000573
0.000573
0.000573
0.000573
0.000573
0.000573
0.000573
0.000573
0.000573
0.000573
0.000573
0.000573
0.000576
0.000573
0.000573
0.000573
0.000573
0.000573
0.000573
0.000573
0.000573
0.000573
0.000573
0.000573
0.000573
0.000573
0.000573
0.000573
0.000573
0.000573
0.000573
0.000573
0.000573
0.000573
0.000573
0.000573
0.000573
0.000573
0.000573
0.000573
0.000573
0.000573
0.000573
0.000573
0.000573
0.000573
0.000573
0.000573
0.000572
0.000573
0.000573
0.000573
0.000573
0.000573
0.000573
0.000573
0.000573
0.000573
0.000573
0.000573
0.000573
0.000573
0.000573
0.000573
0.000579
0.000573
0.000573
0.000573
0.000573
0.000573
0.000573
0.000573
0.000573
0.000573
0.000573
0.000573
0.000573
0.000573
0.000573
0.000573
0.000573
0.000573
0.000573
0.000573
0.000573
0.000573
0.000573
0.000573
0.000573
0.000573
0.000573
0.000573
0.000573
0.000573
0.000573
0.000573
0.000573
0.000573
0.000573
0.000573
0.000572
0.000573
0.000573
0.000573
0.000573
0.000573
0.000573
0.000573
0.000573
0.000573
0.000573
0.000573
0.000573
0.000573
0.000573
0.000573
0.000573
0.000578
0.000573
0.000573
0.000573
0.000573
0.000573
0.000573
0.000573
0.000573
0.000573
0.000573
0.000573
0.000573
0.000572
0.000570
0.000572
0.000572
0.000565
0.000566
0.000563
0.000565
0.000563
0.000563
0.000558
0.000560
0.000552
0.000559
0.000548
0.000546
0.000543
0.000537
0.000539
0.000530
0.000529
0.000523
0.000519
0.000517
0.000516
0.000512
0.000520
0.000517
0.000519
0.000512
0.000513
0.000517
0.000515
0.000512
0.000503
0.000490
0.000490
0.000489
0.000490
0.000496
0.000479
0.000487
0.000482
0.000473
0.000474
0.000474
0.000486
0.000482
0.000473
0.000470
0.000473
0.000464
0.000469
0.000473
0.000459
0.000451
0.000453
0.000454
0.000446
0.000459
0.000449
0.000454
0.000443
0.000447
0.000447
0.000440
0.000444
0.000443
0.000444
0.000450
0.000437
0.000436
0.000434
0.000437
0.000436
0.000440
0.000434
0.000433
0.000431
0.000434
0.000431
0.000433
0.000431
0.000431
0.000431
0.000431
0.000434
0.000431
0.000430
0.000431
0.000433
0.000431
0.000433
0.000430
0.000431
0.000431
0.000433
0.000430
0.000431
0.000433
0.000431
0.000430
0.000430
0.000431
0.000430
0.000430
0.000431
0.000430
0.000430
0.000434
0.000437
0.000430
0.000431
0.000430
0.000431
0.000430
0.000430
0.000431
0.000433
0.000430
0.000430
0.000430
0.000431
0.000430
0.000430
0.000430
0.000431
0.000430
0.000430
0.000430
0.000430
0.000430
0.000430
0.000430
0.000431
0.000430
0.000430
0.000430
0.000430
0.000431
0.000430
0.000430
0.000430
0.000430
0.000430
0.000430
0.000431
0.000430
0.000430
0.000430
0.000430
0.000431
0.000430
0.000430
0.000430
0.000430
0.000430
0.000431
0.000430
0.000430
0.000430
0.000430
0.000430
0.000431
0.000430
0.000430
0.000430
0.000430
0.000431
0.000430
0.000430
0.000430
0.000430
0.000430
0.000430
0.000431
0.000430
0.000430
0.000430
0.000430
0.000437
0.000430
0.000430
0.000430
0.000430
0.000430
0.000430
0.000430
0.000430
0.000430
0.000430
0.000430
0.000430
0.000430
0.000430
0.000430
0.000430
0.000430
0.000430
0.000430
0.000430
0.000430
0.000430
0.000430
0.000430
0.000430
0.000430
0.000430
0.000430
0.000431
0.000430
0.000430
0.000430
0.000430
0.000430
0.000430
0.000430
0.000431
0.000430
0.000430
0.000430
0.000431
0.000430
0.000430
0.000430
0.000430
0.000430
0.000430
0.000430
0.000430
0.000430
0.000430
0.000430
0.000430
0.000430
0.000430
0.000430
0.000430
0.000430
0.000430
0.000430
0.000430
0.000430
0.000430
0.000430
0.000430
0.000430
0.000430
0.000430
0.000430
0.000437
0.000430
0.000430
0.000430
0.000430
0.000430
0.000430
0.000430
0.000430
0.000430
0.000430
0.000430
0.000430
0.000430
0.000430
0.000430
0.000430
0.000430
0.000430
0.000430
0.000430
0.000430
0.000430
0.000430
0.000430
0.000430
0.000430
0.000430
0.000430
0.000430
0.000430
0.000430
0.000430
0.000430
0.000430
0.000430
0.000430
0.000430
0.000430
0.000430
0.000430
0.000430
0.000430
0.000430
0.000430
0.000430
0.000430
0.000430
0.000430
0.000430
0.000430
0.000430
0.000430
0.000430
0.000430
0.000430
0.000430
0.000430
0.000430
0.000430
0.000430
0.000430
0.000431
0.000430
0.000430
0.000430
0.000430
0.000430
0.000430
0.000430
0.000436
0.000431
0.000430
0.000430
0.000430
0.000430
0.000430
0.000430
0.000430
0.000430
0.000431
0.000430
0.000430
0.000430
0.000431
0.000430
0.000430
0.000430
0.000430
0.000430
0.000430
0.000430
0.000431
0.000430
0.000430
0.000441
0.000434
0.000436
0.000439
0.000436
0.000450
0.000441
0.000447
0.000437
0.000447
0.000450
0.000447
0.000463
0.000476
0.000466
0.000483
0.000493
0.000517
0.000506
0.000532
0.000545
0.000566
0.000556
0.000558
0.000572
0.000566
0.000566
0.000572
0.000573
0.000569
0.000572
0.000573
0.000572
0.000573
0.000573
0.000573
0.000573
0.000578
0.000572
0.000573
0.000573
0.000573
0.000573
0.000573
0.000573
0.000573
0.000573
0.000573
0.000573
0.000573
0.000573
0.000573
0.000573
0.000573
0.000573
0.000573
0.000573
0.000573
0.000573
0.000573
0.000573
0.000573
0.000573
0.000573
0.000573
0.000573
0.000573
0.000573
0.000573
0.000573
0.000573
0.000573
0.000573
0.000573
0.000573
0.000573
0.000573
0.000573
0.000573
0.000573
0.000573
0.000573
0.000573
0.000573
0.000573
0.000573
0.000573
0.000573
0.000573
0.000573
0.000579
0.000573
0.000573
0.000573
0.000573
0.000573
0.000573
0.000573
0.000573
0.000573
0.000573
0.000573
0.000573
0.000573
0.000573
0.000573
0.000573
0.000573
0.000573
0.000573
0.000573
0.000573
0.000573
0.000573
0.000573
0.000573
0.000573
0.000573
0.000573
0.000573
0.000573
0.000573
0.000573
0.000573
0.000573
0.000573
0.000573
0.000573
0.000573
0.000573
0.000573
0.000573
0.000573
0.000573
0.000573
0.000573
0.000573
0.000573
0.000573
0.000573
0.000573
0.000573
0.000576
0.000573
0.000573
0.000573
0.000573
0.000573
0.000573
0.000573
0.000573
0.000573
0.000573
0.000573
0.000573
0.000573
0.000573
0.000573
0.000573
0.000573
0.000573
0.000573
0.000573
0.000573
0.000573
0.000573
0.000573
0.000573
0.000573
0.000573
0.000573
0.000573
0.000573
0.000573
0.000573
0.000573
0.000573
0.000573
0.000573
0.000573
0.000573
0.000573
0.000573
0.000573
0.000573
0.000573
0.000573
0.000573
0.000573
0.000573
0.000573
0.000573
0.000573
0.000573
0.000578
0.000573
0.000573
0.000573
0.000573
0.000573
0.000573
0.000573
0.000573
0.000573
0.000573
0.000573
0.000573
0.000573
0.000573
0.000573
0.000573
0.000573
0.000573
0.000573
0.000573
0.000573
0.000573
0.000573
0.000573
0.000573
0.000573
0.000573
0.000573
0.000573
0.000573
0.000573
0.000573
0.000573
0.000573
0.000573
0.000573
0.000573
0.000573
0.000573
0.000573
0.000573
0.000573
0.000573
0.000573
0.000573
0.000573
0.000573
0.000573
0.000573
0.000573
0.000573
0.000573
0.000576
0.000573
0.000573
0.000573
0.000573
0.000573
0.000573
0.000573
0.000573
0.000573
0.000573
0.000573
0.000573
0.000573
0.000573
0.000573
0.000573
0.000573
0.000573
0.000573
0.000573
0.000573
0.000573
0.000573
0.000573
0.000573
0.000573
0.000573
0.000573
0.000573
0.000573
0.000573
0.000573
0.000573
0.000573
0.000573
0.000573
0.000573
0.000573
0.000573
0.000573
0.000573
0.000573
0.000573
0.000573
0.000573
0.000573
0.000573
0.000573
0.000573
0.000573
0.000573
0.000576
0.000573
0.000573
0.000573
0.000573
0.000573
0.000573
0.000573
0.000573
0.000573
0.000573
0.000573
0.000573
0.000573
0.000573
0.000573
0.000573
0.000573
0.000573
0.000573
0.000573
0.000573
0.000573
0.000573
0.000573
0.000573
0.000573
0.000573
0.000573
0.000573
0.000573
0.000573
0.000573
0.000573
0.000573
0.000573
0.000573
0.000573
0.000573
0.000573
0.000573
0.000573
0.000573
0.000573
0.000573
0.000573
0.000573
0.000573
0.000573
0.000573
0.000573
0.000573
0.000573
0.000576
0.000573
0.000573
0.000573
0.000573
0.000573
0.000573
0.000573
0.000573
0.000573
0.000573
0.000573
0.000573
0.000573
0.000573
0.000573
0.000573
0.000573
0.000573
0.000573
0.000573
0.000573
0.000573
0.000573
0.000573
0.000573
0.000573
0.000573
0.000573
0.000573
0.000573
0.000573
0.000573
0.000573
0.000573
0.000573
0.000573
0.000573
0.000573
0.000573
0.000573
0.000573
0.000573
0.000573
0.000573
0.000573
0.000573
0.000573
0.000573
0.000573
0.000573
0.000573
0.000576
0.000573
0.000573
0.000573
0.000573
0.000573
0.000573
0.000573
0.000573
0.000573
0.000573
0.000573
0.000573
0.000573
0.000573
0.000573
0.000573
0.000573
0.000573
0.000573
0.000573
0.000573
0.000573
0.000573
0.000573
0.000573
0.000573
0.000573
0.000573
0.000573
0.000573
0.000573
0.000573
0.000573
0.000573
0.000573
0.000573
0.000573
0.000573
0.000573
0.000573
0.000573
0.000573
0.000573
0.000573
0.000573
0.000573
0.000573
0.000573
0.000573
0.000573
0.000573
0.000576
0.000573
0.000573
0.000573
0.000573
0.000573
0.000573
0.000573
0.000573
0.000573
0.000573
0.000573
0.000573
0.000573
0.000573
0.000573
0.000573
0.000573
0.000573
0.000573
0.000573
0.000573
0.000573
0.000573
0.000573
0.000573
0.000573
0.000573
0.000573
0.000573
0.000573
0.000573
0.000573
0.000573
0.000573
0.000573
0.000573
0.000573
0.000573
0.000573
0.000573
0.000573
0.000573
0.000573
0.000573
0.000573
0.000573
0.000573
0.000573
0.000573
0.000573
0.000573
0.000573
0.000576
0.000573
0.000573
0.000573
0.000573
0.000573
0.000573
0.000573
0.000573
0.000573
0.000573
0.000573
0.000573
0.000573
0.000573
0.000573
0.000573
0.000573
0.000573
0.000573
0.000573
0.000573
0.000573
0.000573
0.000573
0.000573
0.000573
0.000573
0.000573
0.000573
0.000573
0.000573
0.000573
0.000573
0.000573
0.000573
0.000573
0.000573
0.000573
0.000573
0.000573
0.000573
0.000573
0.000573
0.000573
0.000573
0.000573
0.000573
0.000573
0.000573
0.000573
0.000573
0.000576
0.000573
0.000573
0.000573
0.000573
0.000573
0.000573
0.000573
0.000573
0.000573
0.000573
0.000573
0.000573
0.000573
0.000573
0.000573
0.000573
0.000573
0.000573
0.000573
0.000573
0.000573
0.000573
0.000573
0.000573
0.000573
0.000573
0.000573
0.000573
0.000573
0.000573
0.000573
0.000573
0.000573
0.000573
0.000573
0.000573
0.000573
0.000573
0.000573
0.000573
0.000573
0.000573
0.000573
0.000573
0.000573
0.000573
0.000573
0.000573
0.000573
0.000573
0.000573
0.000576
0.000573
0.000573
0.000573
0.000573
0.000573
0.000573
0.000573
0.000573
0.000573
0.000573
0.000573
0.000573
0.000573
0.000573
0.000573
0.000573
0.000573
0.000573
0.000573
0.000573
0.000573
0.000573
0.000573
0.000573
0.000573
0.000573
0.000573
0.000573
0.000573
0.000573
0.000573
0.000573
0.000573
0.000573
0.000573
0.000573
0.000573
0.000573
0.000573
0.000573
0.000573
0.000573
0.000573
0.000573
0.000573
0.000573
0.000573
0.000573
0.000573
0.000573
0.000573
0.000573
0.000576
0.000573
0.000573
0.000573
0.000573
0.000573
0.000573
0.000573
0.000573
0.000573
0.000573
0.000573
0.000573
0.000573
0.000573
0.000573
0.000573
0.000573
0.000573
0.000573
0.000573
0.000573
0.000573
0.000573
0.000573
0.000573
0.000573
0.000573
0.000573
0.000573
0.000573
0.000573
0.000573
0.000573
0.000573
0.000573
0.000573
0.000573
0.000573
0.000573
0.000573
0.000573
0.000573
0.000573
0.000573
0.000573
0.000573
0.000573
0.000573
0.000573
0.000573
0.000573
0.000578
0.000573
0.000573
0.000573
0.000573
0.000573
0.000573
0.000573
0.000573
0.000573
0.000573
0.000573
0.000573
0.000573
0.000573
0.000573
0.000573
0.000573
0.000573
0.000573
0.000573
0.000573
0.000573
0.000573
0.000573
0.000573
0.000573
0.000573
0.000573
0.000573
0.000573
0.000573
0.000573
0.000573
0.000573
0.000573
0.000573
0.000573
0.000573
0.000573
0.000573
0.000573
0.000573
0.000573
0.000573
0.000573
0.000573
0.000573
0.000573
0.000573
0.000573
0.000573
0.000573
0.000576
0.000573
0.000573
0.000573
0.000573
0.000573
0.000573
0.000573
0.000575
0.000573
0.000573
0.000573
0.000573
0.000573
0.000573
0.000573
0.000573
0.000573
0.000573
0.000573
0.000573
0.000575
0.000573
0.000575
0.000573
0.000573
0.000575
0.000573
0.000575
0.000573
0.000575
0.000576
0.000573
0.000575
0.000573
0.000573
0.000575
0.000573
0.000575
0.000573
0.000575
0.000573
0.000578
0.000576
0.000578
0.000580
0.000585
0.000602
0.000601
0.000608
0.000609
0.000626
0.000622
0.000621
0.000628
0.000625
0.000622
0.000629
0.000623
0.000635
0.000635
0.000638
0.000634
0.000642
0.000644
0.000648
0.000648
0.000646
0.000656
0.000657
0.000651
0.000655
0.000655
0.000668
0.000656
0.000665
0.000658
0.000669
0.000664
0.000665
0.000668
0.000666
0.000665
0.000656
0.000656
0.000654
0.000651
0.000649
0.000649
0.000655
0.000648
0.000648
0.000648
0.000645
0.000648
0.000646
0.000646
0.000645
0.000649
0.000645
0.000645
0.000644
0.000645
0.000644
0.000644
0.000644
0.000638
0.000645
0.000644
0.000645
0.000644
0.000634
0.000635
0.000636
0.000634
0.000629
0.000619
0.000618
0.000621
0.000615
0.000611
0.000601
0.000601
0.000601
0.000608
0.000603
0.000592
0.000596
0.000593
0.000585
0.000586
0.000588
0.000586
0.000580
0.000579
0.000585
0.000580
0.000579
0.000579
0.000578
0.000576
0.000576
0.000576
0.000575
0.000576
0.000578
0.000576
0.000580
0.000573
0.000576
0.000573
0.000575
0.000576
0.000575
0.000575
0.000576
0.000573
0.000575
0.000573
0.000576
0.000573
0.000575
0.000573
0.000575
0.000573
0.000575
0.000573
0.000573
0.000573
0.000576
0.000573
0.000573
0.000573
0.000575
0.000575
0.000573
0.000573
0.000573
0.000573
0.000575
0.000573
0.000575
0.000573
0.000575
0.000573
0.000573
0.000573
0.000573
0.000573
0.000573
0.000573
0.000573
0.000573
0.000575
0.000573
0.000573
0.000573
0.000573
0.000573
0.000573
0.000578
0.000573
0.000573
0.000573
0.000573
0.000573
0.000573
0.000573
0.000573
0.000573
0.000573
0.000573
0.000573
0.000573
0.000573
0.000573
0.000573
0.000573
0.000573
0.000573
0.000573
0.000573
0.000573
0.000573
0.000573
0.000575
0.000573
0.000573
0.000573
0.000573
0.000573
0.000573
0.000573
0.000573
0.000573
0.000573
0.000573
0.000573
0.000573
0.000573
0.000573
0.000575
0.000573
0.000573
0.000573
0.000573
0.000573
0.000573
0.000573
0.000573
0.000573
0.000573
0.000579
0.000573
0.000573
0.000573
0.000573
0.000573
0.000573
0.000573
0.000573
0.000573
0.000573
0.000573
0.000573
0.000573
0.000573
0.000573
0.000573
0.000573
0.000573
0.000573
0.000573
0.000573
0.000573
0.000573
0.000573
0.000573
0.000573
0.000573
0.000573
0.000573
0.000573
0.000573
0.000573
0.000573
0.000573
0.000573
0.000573
0.000573
0.000573
0.000573
0.000573
0.000573
0.000573
0.000573
0.000573
0.000573
0.000573
0.000573
0.000573
0.000573
0.000573
0.000573
0.000576
0.000573
0.000573
0.000573
0.000573
0.000573
0.000573
0.000573
0.000573
0.000573
0.000573
0.000573
0.000573
0.000573
0.000573
0.000573
0.000573
0.000573
0.000573
0.000573
0.000573
0.000573
0.000573
0.000573
0.000573
0.000573
0.000573
0.000573
0.000573
0.000573
0.000573
0.000573
0.000573
0.000573
0.000573
0.000573
0.000573
0.000573
0.000573
0.000573
0.000573
0.000573
0.000573
0.000573
0.000573
0.000573
0.000573
0.000573
0.000573
0.000573
0.000573
0.000573
0.000573
0.000576
0.000573
0.000573
0.000573
0.000573
0.000573
0.000573
0.000573
0.000573
0.000573
0.000573
0.000573
0.000573
0.000573
0.000573
0.000573
0.000573
0.000573
0.000573
0.000573
0.000573
0.000573
0.000573
0.000573
0.000573
0.000573
0.000573
0.000573
0.000573
0.000573
0.000573
0.000573
0.000573
0.000573
0.000573
0.000573
0.000573
0.000573
0.000573
0.000573
0.000573
0.000573
0.000573
0.000573
0.000573
0.000573
0.000573
0.000573
0.000573
0.000573
0.000573
0.000573
0.000576
0.000573
0.000573
0.000573
0.000573
0.000573
0.000573
0.000573
0.000573
0.000573
0.000573
0.000573
0.000573
0.000573
0.000573
0.000573
0.000573
0.000573
0.000573
0.000573
0.000573
0.000573
0.000573
0.000573
0.000573
0.000573
0.000573
0.000573
0.000573
0.000573
0.000573
0.000573
0.000573
0.000573
0.000573
0.000573
0.000573
0.000573
0.000573
0.000573
0.000573
0.000573
0.000573
0.000573
0.000573
0.000573
0.000573
0.000573
0.000573
0.000573
0.000573
0.000573
0.000576
0.000575
0.000573
0.000573
0.000573
0.000573
0.000573
0.000573
0.000573
0.000573
0.000573
0.000573
0.000573
0.000573
0.000573
0.000573
0.000573
0.000573
0.000573
0.000573
0.000573
0.000573
0.000573
0.000573
0.000573
0.000573
0.000573
0.000573
0.000573
0.000573
0.000573
0.000573
0.000573
0.000573
0.000573
0.000573
0.000573
0.000573
0.000573
0.000573
0.000573
0.000573
0.000573
0.000573
0.000573
0.000573
0.000573
0.000573
0.000573
0.000573
0.000573
0.000573
0.000573
0.000576
0.000573
0.000573
0.000573
0.000573
0.000573
0.000573
0.000573
0.000573
0.000573
0.000573
0.000573
0.000573
0.000573
0.000573
0.000573
0.000573
0.000573
0.000573
0.000573
0.000573
0.000573
0.000573
0.000573
0.000573
0.000573
0.000573
0.000573
0.000573
0.000573
0.000573
0.000573
0.000573
0.000573
0.000573
0.000573
0.000573
0.000573
0.000573
0.000573
0.000573
0.000573
0.000573
0.000573
0.000573
0.000573
0.000573
0.000573
0.000573
0.000573
0.000573
0.000573
0.000576
0.000573
0.000573
0.000573
0.000573
0.000573
0.000573
0.000573
0.000573
0.000573
0.000573
0.000573
0.000573
0.000573
0.000573
0.000573
0.000573
0.000573
0.000573
0.000576
0.000573
0.000573
0.000573
0.000573
0.000573
0.000573
0.000573
0.000573
0.000573
0.000573
0.000573
0.000573
0.000573
0.000573
0.000573
0.000573
0.000573
0.000573
0.000573
0.000573
0.000573
0.000573
0.000573
0.000573
0.000573
0.000573
0.000573
0.000573
0.000573
0.000573
0.000573
0.000573
0.000573
0.000579
0.000573
0.000573
0.000573
0.000573
0.000573
0.000573
0.000573
0.000573
0.000573
0.000573
0.000573
0.000573
0.000573
0.000573
0.000573
0.000573
0.000573
0.000573
0.000573
0.000573
0.000575
0.000573
0.000573
0.000573
0.000573
0.000573
0.000573
0.000573
0.000573
0.000573
0.000573
0.000573
0.000573
0.000573
0.000573
0.000573
0.000573
0.000573
0.000573
0.000573
0.000573
0.000573
0.000573
0.000573
0.000573
0.000573
0.000573
0.000573
0.000573
0.000573
0.000573
0.000575
0.000573
0.000573
0.000573
0.000573
0.000575
0.000573
0.000573
0.000573
0.000573
0.000573
0.000573
0.000573
0.000573
0.000573
0.000573
0.000573
0.000573
0.000573
0.000573
0.000573
0.000573
0.000573
0.000573
0.000573
0.000573
0.000573
0.000573
0.000573
0.000573
0.000573
0.000575
0.000573
0.000573
0.000573
0.000573
0.000573
0.000573
0.000573
0.000575
0.000573
0.000573
0.000573
0.000575
0.000573
0.000573
0.000573
0.000573
0.000573
0.000575
0.000573
0.000575
0.000579
0.000575
0.000573
0.000573
0.000573
0.000573
0.000576
0.000573
0.000575
0.000575
0.000573
0.000575
0.000573
0.000578
0.000576
0.000580
0.000579
0.000591
0.000596
0.000595
0.000598
0.000606
0.000606
0.000608
0.000615
0.000611
0.000615
0.000618
0.000619
0.000624
0.000625
0.000638
0.000659
0.000664
0.000681
0.000666
0.000687
0.000704
0.000711
0.000715
0.000715
0.000717
0.000717
0.000714
0.000717
0.000717
0.000717
0.000717
0.000718
0.000717
0.000715
0.000717
0.000717
0.000717
0.000717
0.000717
0.000717
0.000717
0.000715
0.000717
0.000717
0.000717
0.000717
0.000717
0.000717
0.000717
0.000717
0.000717
0.000717
0.000717
0.000717
0.000717
0.000717
0.000717
0.000717
0.000717
0.000717
0.000717
0.000717
0.000717
0.000717
0.000717
0.000717
0.000717
0.000717
0.000717
0.000717
0.000717
0.000717
0.000717
0.000719
0.000717
0.000717
0.000717
0.000717
0.000717
0.000717
0.000717
0.000717
0.000717
0.000717
0.000717
0.000717
0.000717
0.000717
0.000717
0.000717
0.000717
0.000717
0.000717
0.000717
0.000717
0.000717
0.000717
0.000717
0.000717
0.000717
0.000717
0.000717
0.000717
0.000717
0.000717
0.000717
0.000717
0.000717
0.000717
0.000717
0.000717
0.000717
0.000717
0.000717
0.000717
0.000717
0.000717
0.000717
0.000717
0.000717
0.000717
0.000717
0.000717
0.000717
0.000717
0.000717
0.000717
0.000717
0.000717
0.000717
0.000717
0.000717
0.000717
0.000717
0.000717
0.000717
0.000717
0.000717
0.000717
0.000717
0.000717
0.000717
0.000717
0.000717
0.000717
0.000717
0.000717
0.000717
0.000717
0.000717
0.000717
0.000717
0.000717
0.000717
0.000717
0.000717
0.000717
0.000721
0.000717
0.000717
0.000717
0.000717
0.000717
0.000717
0.000717
0.000717
0.000717
0.000717
0.000717
0.000717
0.000717
0.000717
0.000717
0.000717
0.000717
0.000717
0.000717
0.000717
0.000717
0.000717
0.000717
0.000717
0.000717
0.000717
0.000717
0.000717
0.000717
0.000717
0.000717
0.000717
0.000717
0.000717
0.000717
0.000717
0.000717
0.000717
0.000717
0.000717
0.000717
0.000717
0.000717
0.000717
0.000717
0.000717
0.000717
0.000717
0.000717
0.000717
0.000717
0.000717
0.000717
0.000717
0.000717
0.000717
0.000717
0.000717
0.000717
0.000717
0.000717
0.000718
0.000717
0.000717
0.000717
0.000717
0.000717
0.000717
0.000717
0.000717
0.000717
0.000717
0.000717
0.000717
0.000717
0.000717
0.000717
0.000717
0.000717
0.000717
0.000717
0.000717
0.000717
0.000721
0.000717
0.000717
0.000717
0.000717
0.000717
0.000717
0.000717
0.000717
0.000717
0.000717
0.000717
0.000717
0.000717
0.000717
0.000717
0.000717
0.000717
0.000717
0.000717
0.000717
0.000717
0.000717
0.000717
0.000717
0.000717
0.000717
0.000717
0.000717
0.000717
0.000717
0.000717
0.000717
0.000717
0.000717
0.000717
0.000717
0.000717
0.000717
0.000717
0.000717
0.000722
0.000717
0.000717
0.000717
0.000717
0.000717
0.000717
0.000717
0.000717
0.000717
0.000717
0.000717
0.000717
0.000717
0.000717
0.000717
0.000717
0.000717
0.000717
0.000717
0.000717
0.000717
0.000717
0.000717
0.000717
0.000717
0.000717
0.000717
0.000717
0.000717
0.000717
0.000717
0.000717
0.000717
0.000717
0.000717
0.000717
0.000717
0.000717
0.000717
0.000717
0.000717
0.000722
0.000717
0.000717
0.000717
0.000717
0.000717
0.000717
0.000717
0.000717
0.000717
0.000717
0.000717
0.000717
0.000717
0.000717
0.000717
0.000717
0.000717
0.000717
0.000717
0.000717
0.000717
0.000717
0.000717
0.000717
0.000717
0.000717
0.000715
0.000717
0.000717
0.000717
0.000717
0.000717
0.000717
0.000717
0.000717
0.000717
0.000717
0.000717
0.000717
0.000717
0.000717
0.000717
0.000717
0.000717
0.000717
0.000717
0.000717
0.000717
0.000717
0.000717
0.000717
0.000717
0.000717
0.000717
0.000717
0.000717
0.000717
0.000717
0.000717
0.000717
0.000717
0.000717
0.000717
0.000717
0.000717
0.000717
0.000717
0.000717
0.000717
0.000717
0.000717
0.000717
0.000717
0.000717
0.000717
0.000717
0.000717
0.000717
0.000717
0.000717
0.000717
0.000717
0.000717
0.000717
0.000717
0.000717
0.000717
0.000717
0.000717
0.000717
0.000717
0.000717
0.000717
0.000717
0.000717
0.000717
0.000717
0.000717
0.000717
0.000717
0.000717
0.000717
0.000717
0.000717
0.000717
0.000717
0.000717
0.000717
0.000717
0.000717
0.000717
0.000717
0.000717
0.000717
0.000717
0.000717
0.000714
0.000714
0.000717
0.000712
0.000711
0.000697
0.000704
0.000699
0.000694
0.000689
0.000694
0.000687
0.000678
0.000675
0.000674
0.000678
0.000674
0.000664
0.000668
0.000661
0.000658
0.000656
0.000656
0.000656
0.000648
0.000645
0.000648
0.000634
0.000645
0.000639
0.000634
0.000636
0.000635
0.000625
0.000625
0.000618
0.000622
0.000623
0.000616
0.000624
0.000619
0.000608
0.000613
0.000614
0.000600
0.000595
0.000598
0.000592
0.000602
0.000596
0.000599
0.000589
0.000590
0.000588
0.000591
0.000585
0.000583
0.000580
0.000583
0.000575
0.000583
0.000580
0.000579
0.000580
0.000575
0.000575
0.000579
0.000578
0.000575
0.000573
0.000576
0.000575
0.000573
0.000576
0.000576
0.000573
0.000575
0.000575
0.000575
0.000573
0.000575
0.000576
0.000575
0.000575
0.000573
0.000575
0.000573
0.000576
0.000575
0.000573
0.000575
0.000575
0.000575
0.000573
0.000575
0.000573
0.000575
0.000573
0.000575
0.000573
0.000575
0.000573
0.000573
0.000573
0.000573
0.000575
0.000573
0.000575
0.000573
0.000576
0.000573
0.000575
0.000573
0.000573
0.000573
0.000573
0.000575
0.000573
0.000573
0.000573
0.000573
0.000575
0.000573
0.000575
0.000573
0.000575
0.000573
0.000575
0.000576
0.000573
0.000573
0.000575
0.000573
0.000575
0.000573
0.000575
0.000573
0.000573
0.000573
0.000573
0.000573
0.000573
0.000573
0.000573
0.000573
0.000573
0.000573
0.000573
0.000573
0.000575
0.000573
0.000573
0.000573
0.000573
0.000573
0.000573
0.000573
0.000573
0.000573
0.000573
0.000573
0.000575
0.000575
0.000573
0.000573
0.000573
0.000575
0.000573
0.000573
0.000575
0.000573
0.000575
0.000573
0.000575
0.000573
0.000576
0.000573
0.000575
0.000575
0.000573
0.000573
0.000573
0.000573
0.000575
0.000573
0.000573
0.000575
0.000576
0.000573
0.000573
0.000576
0.000575
0.000573
0.000578
0.000575
0.000573
0.000575
0.000573
0.000575
0.000573
0.000576
0.000573
0.000576
0.000576
0.000575
0.000585
0.000582
0.000580
0.000585
0.000595
0.000596
0.000612
0.000608
0.000626
0.000622
0.000631
0.000658
0.000658
0.000682
0.000695
0.000707
0.000708
0.000714
0.000715
0.000717
0.000715
0.000717
0.000717
0.000717
0.000717
0.000717
0.000717
0.000717
0.000717
0.000717
0.000717
0.000717
0.000717
0.000717
0.000717
0.000717
0.000717
0.000717
0.000717
0.000717
0.000717
0.000717
0.000717
0.000717
0.000717
0.000717
0.000717
0.000717
0.000717
0.000717
0.000717
0.000720
0.000717
0.000717
0.000717
0.000717
0.000717
0.000717
0.000717
0.000717
0.000717
0.000717
0.000717
0.000717
0.000717
0.000717
0.000717
0.000717
0.000717
0.000717
0.000717
0.000717
0.000717
0.000717
0.000717
0.000717
0.000717
0.000717
0.000717
0.000717
0.000717
0.000717
0.000717
0.000717
0.000717
0.000717
0.000717
0.000717
0.000717
0.000717
0.000717
0.000717
0.000717
0.000722
0.000717
0.000717
0.000717
0.000717
0.000717
0.000717
0.000717
0.000717
0.000717
0.000717
0.000717
0.000717
0.000717
0.000717
0.000717
0.000717
0.000717
0.000717
0.000717
0.000717
0.000717
0.000717
0.000717
0.000717
0.000717
0.000717
0.000717
0.000717
0.000717
0.000717
0.000717
0.000717
0.000717
0.000717
0.000717
0.000717
0.000717
0.000717
0.000717
0.000717
0.000717
0.000722
0.000717
0.000717
0.000717
0.000717
0.000717
0.000717
0.000717
0.000717
0.000717
0.000717
0.000717
0.000717
0.000717
0.000717
0.000717
0.000717
0.000717
0.000717
0.000715
0.000717
0.000717
0.000717
0.000717
0.000717
0.000717
0.000717
0.000717
0.000717
0.000717
0.000717
0.000717
0.000717
0.000717
0.000717
0.000717
0.000717
0.000717
0.000717
0.000717
0.000717
0.000717
0.000717
0.000717
0.000717
0.000717
0.000717
0.000717
0.000717
0.000717
0.000717
0.000717
0.000717
0.000717
0.000717
0.000717
0.000717
0.000717
0.000717
0.000717
0.000717
0.000717
0.000717
0.000717
0.000717
0.000717
0.000717
0.000717
0.000717
0.000717
0.000717
0.000717
0.000717
0.000717
0.000717
0.000717
0.000717
0.000717
0.000717
0.000717
0.000717
0.000717
0.000717
0.000722
0.000717
0.000717
0.000717
0.000717
0.000717
0.000717
0.000717
0.000717
0.000717
0.000717
0.000717
0.000717
0.000717
0.000717
0.000717
0.000717
0.000717
0.000717
0.000717
0.000717
0.000717
0.000717
0.000717
0.000717
0.000717
0.000717
0.000717
0.000717
0.000717
0.000717
0.000717
0.000717
0.000717
0.000717
0.000717
0.000717
0.000717
0.000717
0.000717
0.000717
0.000717
0.000722
0.000717
0.000717
0.000717
0.000717
0.000717
0.000717
0.000717
0.000717
0.000717
0.000717
0.000717
0.000717
0.000717
0.000717
0.000717
0.000717
0.000717
0.000717
0.000717
0.000717
0.000717
0.000717
0.000717
0.000717
0.000717
0.000717
0.000717
0.000717
0.000717
0.000717
0.000717
0.000717
0.000717
0.000717
0.000717
0.000717
0.000717
0.000717
0.000717
0.000717
0.000717
0.000717
0.000717
0.000717
0.000717
0.000717
0.000717
0.000717
0.000717
0.000717
0.000717
0.000717
0.000717
0.000717
0.000717
0.000717
0.000717
0.000717
0.000717
0.000717
0.000717
0.000717
0.000717
0.000717
0.000717
0.000717
0.000717
0.000717
0.000717
0.000717
0.000717
0.000717
0.000717
0.000717
0.000717
0.000717
0.000717
0.000717
0.000717
0.000717
0.000717
0.000717
0.000717
0.000721
0.000717
0.000717
0.000717
0.000717
0.000717
0.000717
0.000717
0.000717
0.000717
0.000717
0.000717
0.000717
0.000717
0.000717
0.000717
0.000717
0.000717
0.000717
0.000717
0.000717
0.000717
0.000717
0.000717
0.000717
0.000717
0.000717
0.000717
0.000717
0.000717
0.000717
0.000717
0.000717
0.000717
0.000717
0.000717
0.000717
0.000717
0.000717
0.000717
0.000717
0.000717
0.000717
0.000717
0.000717
0.000717
0.000717
0.000717
0.000717
0.000717
0.000717
0.000717
0.000717
0.000717
0.000717
0.000717
0.000717
0.000717
0.000717
0.000717
0.000717
0.000717
0.000717
0.000717
0.000717
0.000717
0.000717
0.000717
0.000717
0.000717
0.000717
0.000717
0.000717
0.000717
0.000717
0.000717
0.000717
0.000717
0.000717
0.000717
0.000717
0.000717
0.000717
0.000717
0.000721
0.000717
0.000717
0.000717
0.000717
0.000717
0.000717
0.000717
0.000717
0.000717
0.000717
0.000717
0.000717
0.000717
0.000717
0.000717
0.000717
0.000717
0.000717
0.000717
0.000717
0.000717
0.000717
0.000717
0.000717
0.000717
0.000717
0.000717
0.000717
0.000717
0.000717
0.000717
0.000717
0.000717
0.000717
0.000717
0.000717
0.000717
0.000717
0.000717
0.000717
0.000717
0.000717
0.000717
0.000717
0.000717
0.000717
0.000717
0.000717
0.000717
0.000717
0.000717
0.000717
0.000717
0.000717
0.000717
0.000717
0.000717
0.000717
0.000717
0.000717
0.000717
0.000717
0.000717
0.000717
0.000717
0.000717
0.000717
0.000717
0.000717
0.000717
0.000717
0.000717
0.000717
0.000717
0.000717
0.000717
0.000717
0.000717
0.000717
0.000717
0.000717
0.000717
0.000717
0.000722
0.000717
0.000717
0.000717
0.000717
0.000717
0.000717
0.000717
0.000717
0.000717
0.000717
0.000717
0.000717
0.000717
0.000717
0.000717
0.000717
0.000717
0.000717
0.000717
0.000717
0.000717
0.000717
0.000717
0.000717
0.000717
0.000717
0.000717
0.000717
0.000717
0.000717
0.000717
0.000717
0.000717
0.000717
0.000717
0.000717
0.000717
0.000717
0.000717
0.000717
0.000717
0.000722
0.000717
0.000717
0.000717
0.000717
0.000717
0.000717
0.000717
0.000717
0.000717
0.000717
0.000717
0.000717
0.000717
0.000717
0.000717
0.000717
0.000717
0.000717
0.000717
0.000717
0.000717
0.000717
0.000717
0.000717
0.000717
0.000717
0.000717
0.000717
0.000717
0.000717
0.000717
0.000717
0.000717
0.000717
0.000717
0.000717
0.000717
0.000717
0.000717
0.000717
0.000717
0.000717
0.000717
0.000717
0.000717
0.000717
0.000717
0.000717
0.000717
0.000717
0.000717
0.000717
0.000717
0.000717
0.000717
0.000717
0.000717
0.000717
0.000717
0.000717
0.000717
0.000717
0.000717
0.000717
0.000717
0.000717
0.000717
0.000717
0.000717
0.000717
0.000717
0.000717
0.000717
0.000717
0.000717
0.000717
0.000717
0.000717
0.000717
0.000717
0.000717
0.000717
0.000721
0.000717
0.000717
0.000717
0.000717
0.000717
0.000717
0.000717
0.000717
0.000717
0.000717
0.000717
0.000717
0.000717
0.000717
0.000717
0.000717
0.000717
0.000717
0.000717
0.000717
0.000717
0.000717
0.000717
0.000717
0.000717
0.000718
0.000717
0.000717
0.000718
0.000717
0.000717
0.000717
0.000717
0.000717
0.000717
0.000717
0.000717
0.000717
0.000717
0.000717
0.000717
0.000721
0.000717
0.000717
0.000717
0.000717
0.000717
0.000717
0.000718
0.000717
0.000717
0.000717
0.000717
0.000717
0.000720
0.000718
0.000717
0.000718
0.000724
0.000742
0.000735
0.000752
0.000751
0.000744
0.000751
0.000771
0.000783
0.000787
0.000793
0.000794
0.000797
0.000797
0.000804
0.000801
0.000800
0.000809
0.000804
0.000801
0.000805
0.000808
0.000810
0.000813
0.000811
0.000810
0.000814
0.000815
0.000813
0.000820
0.000811
0.000814
0.000804
0.000811
0.000803
0.000791
0.000790
0.000794
0.000793
0.000793
0.000791
0.000784
0.000757
0.000771
0.000781
0.000770
0.000768
0.000764
0.000771
0.000755
0.000755
0.000742
0.000745
0.000737
0.000740
0.000744
0.000740
0.000740
0.000732
0.000728
0.000724
0.000722
0.000728
0.000722
0.000727
0.000722
0.000720
0.000718
0.000719
0.000717
0.000720
0.000720
0.000718
0.000718
0.000721
0.000720
0.000717
0.000718
0.000718
0.000717
0.000717
0.000717
0.000717
0.000717
0.000720
0.000720
0.000717
0.000718
0.000718
0.000717
0.000717
0.000718
0.000718
0.000717
0.000717
0.000717
0.000718
0.000718
0.000717
0.000717
0.000717
0.000717
0.000717
0.000717
0.000717
0.000717
0.000717
0.000717
0.000717
0.000717
0.000717
0.000717
0.000718
0.000717
0.000717
0.000717
0.000717
0.000717
0.000717
0.000717
0.000717
0.000717
0.000717
0.000717
0.000717
0.000717
0.000717
0.000717
0.000717
0.000717
0.000717
0.000717
0.000717
0.000717
0.000717
0.000717
0.000717
0.000717
0.000717
0.000717
0.000717
0.000717
0.000717
0.000717
0.000717
0.000717
0.000721
0.000717
0.000717
0.000717
0.000717
0.000717
0.000718
0.000717
0.000717
0.000717
0.000717
0.000717
0.000717
0.000717
0.000717
0.000717
0.000717
0.000717
0.000717
0.000717
0.000717
0.000717
0.000717
0.000717
0.000717
0.000717
0.000717
0.000717
0.000717
0.000717
0.000717
0.000717
0.000717
0.000717
0.000717
0.000717
0.000717
0.000717
0.000717
0.000717
0.000717
0.000722
0.000717
0.000717
0.000717
0.000717
0.000717
0.000717
0.000717
0.000717
0.000717
0.000717
0.000717
0.000717
0.000717
0.000717
0.000717
0.000717
0.000717
0.000717
0.000717
0.000717
0.000717
0.000717
0.000717
0.000717
0.000717
0.000717
0.000717
0.000717
0.000717
0.000717
0.000717
0.000717
0.000717
0.000717
0.000717
0.000717
0.000717
0.000717
0.000717
0.000717
0.000717
0.000722
0.000717
0.000717
0.000717
0.000717
0.000717
0.000717
0.000717
0.000717
0.000717
0.000717
0.000717
0.000717
0.000717
0.000717
0.000717
0.000717
0.000717
0.000717
0.000717
0.000717
0.000717
0.000717
0.000717
0.000717
0.000717
0.000717
0.000717
0.000717
0.000717
0.000717
0.000717
0.000717
0.000717
0.000717
0.000717
0.000717
0.000717
0.000717
0.000717
0.000717
0.000717
0.000722
0.000717
0.000717
0.000717
0.000717
0.000717
0.000717
0.000717
0.000717
0.000717
0.000717
0.000717
0.000717
0.000717
0.000717
0.000717
0.000717
0.000717
0.000717
0.000717
0.000717
0.000717
0.000717
0.000717
0.000717
0.000717
0.000717
0.000717
0.000717
0.000717
0.000717
0.000717
0.000717
0.000717
0.000717
0.000717
0.000717
0.000717
0.000717
0.000717
0.000717
0.000717
0.000722
0.000717
0.000717
0.000717
0.000717
0.000717
0.000717
0.000717
0.000717
0.000717
0.000717
0.000717
0.000717
0.000717
0.000717
0.000717
0.000717
0.000717
0.000717
0.000717
0.000717
0.000717
0.000717
0.000717
0.000717
0.000717
0.000717
0.000717
0.000717
0.000717
0.000717
0.000717
0.000717
0.000717
0.000717
0.000717
0.000717
0.000717
0.000717
0.000717
0.000717
0.000717
0.000722
0.000717
0.000717
0.000717
0.000717
0.000717
0.000717
0.000717
0.000717
0.000717
0.000717
0.000717
0.000717
0.000717
0.000717
0.000717
0.000717
0.000717
0.000717
0.000717
0.000717
0.000717
0.000717
0.000717
0.000717
0.000717
0.000717
0.000717
0.000717
0.000717
0.000717
0.000717
0.000717
0.000717
0.000717
0.000717
0.000717
0.000717
0.000717
0.000717
0.000717
0.000717
0.000722
0.000717
0.000717
0.000717
0.000717
0.000717
0.000717
0.000717
0.000717
0.000717
0.000717
0.000717
0.000717
0.000717
0.000717
0.000717
0.000717
0.000717
0.000717
0.000717
0.000717
0.000717
0.000717
0.000717
0.000717
0.000717
0.000717
0.000717
0.000717
0.000717
0.000717
0.000717
0.000717
0.000717
0.000717
0.000717
0.000717
0.000717
0.000717
0.000717
0.000717
0.000717
0.000717
0.000717
0.000717
0.000717
0.000717
0.000717
0.000717
0.000717
0.000717
0.000717
0.000717
0.000717
0.000717
0.000717
0.000717
0.000717
0.000717
0.000717
0.000717
0.000717
0.000717
0.000717
0.000717
0.000717
0.000717
0.000717
0.000717
0.000717
0.000717
0.000717
0.000717
0.000717
0.000717
0.000717
0.000717
0.000717
0.000717
0.000717
0.000717
0.000717
0.000717
0.000717
0.000721
0.000717
0.000717
0.000717
0.000717
0.000717
0.000717
0.000717
0.000717
0.000717
0.000717
0.000717
0.000717
0.000717
0.000717
0.000717
0.000717
0.000717
0.000717
0.000717
0.000717
0.000717
0.000717
0.000717
0.000717
0.000717
0.000717
0.000717
0.000717
0.000717
0.000717
0.000717
0.000717
0.000717
0.000717
0.000717
0.000717
0.000717
0.000717
0.000717
0.000717
0.000717
0.000717
0.000717
0.000717
0.000717
0.000717
0.000717
0.000717
0.000717
0.000717
0.000717
0.000717
0.000717
0.000717
0.000717
0.000717
0.000717
0.000717
0.000717
0.000717
0.000717
0.000717
0.000717
0.000717
0.000717
0.000717
0.000717
0.000717
0.000717
0.000717
0.000717
0.000717
0.000717
0.000717
0.000717
0.000717
0.000717
0.000717
0.000717
0.000717
0.000717
0.000717
0.000717
0.000721
0.000717
0.000717
0.000717
0.000717
0.000717
0.000717
0.000717
0.000717
0.000717
0.000717
0.000717
0.000717
0.000717
0.000717
0.000717
0.000717
0.000717
0.000717
0.000717
0.000717
0.000717
0.000717
0.000717
0.000717
0.000717
0.000717
0.000717
0.000717
0.000717
0.000717
0.000717
0.000717
0.000717
0.000717
0.000717
0.000717
0.000717
0.000717
0.000717
0.000718
0.000721
0.000718
0.000717
0.000717
0.000718
0.000720
0.000717
0.000718
0.000717
0.000717
0.000717
0.000724
0.000718
0.000724
0.000725
0.000731
0.000741
0.000751
0.000748
0.000757
0.000761
0.000770
0.000778
0.000791
0.000800
0.000791
0.000808
0.000814
0.000827
0.000824
0.000820
0.000830
0.000834
0.000833
0.000839
0.000841
0.000843
0.000854
0.000860
0.000862
0.000860
0.000860
0.000860
0.000860
0.000860
0.000859
0.000860
0.000860
0.000860
0.000860
0.000860
0.000860
0.000860
0.000859
0.000860
0.000859
0.000860
0.000860
0.000860
0.000860
0.000860
0.000860
0.000860
0.000860
0.000860
0.000860
0.000860
0.000860
0.000860
0.000860
0.000860
0.000860
0.000860
0.000860
0.000864
0.000860
0.000860
0.000859
0.000860
0.000860
0.000860
0.000860
0.000860
0.000860
0.000860
0.000860
0.000860
0.000860
0.000860
0.000860
0.000860
0.000860
0.000860
0.000860
0.000860
0.000860
0.000860
0.000860
0.000860
0.000860
0.000860
0.000860
0.000860
0.000860
0.000860
0.000860
0.000860
0.000860
0.000860
0.000866
0.000860
0.000860
0.000860
0.000860
0.000860
0.000860
0.000860
0.000860
0.000860
0.000860
0.000860
0.000860
0.000860
0.000860
0.000860
0.000860
0.000860
0.000860
0.000860
0.000860
0.000860
0.000860
0.000860
0.000860
0.000860
0.000860
0.000860
0.000860
0.000860
0.000860
0.000860
0.000860
0.000860
0.000860
0.000863
0.000860
0.000860
0.000860
0.000860
0.000860
0.000860
0.000860
0.000860
0.000860
0.000860
0.000860
0.000860
0.000860
0.000860
0.000860
0.000860
0.000860
0.000860
0.000860
0.000860
0.000860
0.000860
0.000860
0.000860
0.000860
0.000860
0.000860
0.000860
0.000860
0.000860
0.000860
0.000860
0.000860
0.000860
0.000863
0.000860
0.000860
0.000860
0.000860
0.000860
0.000860
0.000860
0.000860
0.000860
0.000860
0.000860
0.000860
0.000860
0.000860
0.000860
0.000860
0.000860
0.000860
0.000860
0.000860
0.000860
0.000860
0.000860
0.000860
0.000860
0.000860
0.000860
0.000860
0.000860
0.000860
0.000860
0.000860
0.000860
0.000860
0.000863
0.000860
0.000860
0.000860
0.000860
0.000860
0.000860
0.000860
0.000860
0.000860
0.000860
0.000860
0.000860
0.000860
0.000860
0.000860
0.000860
0.000860
0.000860
0.000860
0.000860
0.000860
0.000860
0.000860
0.000860
0.000860
0.000860
0.000860
0.000860
0.000860
0.000860
0.000860
0.000860
0.000860
0.000860
0.000863
0.000860
0.000860
0.000860
0.000860
0.000860
0.000860
0.000860
0.000860
0.000860
0.000860
0.000860
0.000860
0.000860
0.000860
0.000860
0.000860
0.000860
0.000860
0.000860
0.000860
0.000860
0.000860
0.000860
0.000860
0.000860
0.000860
0.000860
0.000860
0.000860
0.000860
0.000860
0.000860
0.000860
0.000860
0.000863
0.000860
0.000860
0.000860
0.000860
0.000860
0.000860
0.000860
0.000860
0.000860
0.000860
0.000860
0.000860
0.000860
0.000860
0.000860
0.000860
0.000860
0.000860
0.000860
0.000860
0.000860
0.000860
0.000860
0.000860
0.000860
0.000860
0.000860
0.000860
0.000860
0.000860
0.000860
0.000860
0.000860
0.000857
0.000866
0.000857
0.000859
0.000857
0.000857
0.000857
0.000853
0.000850
0.000849
0.000844
0.000846
0.000836
0.000831
0.000824
0.000820
0.000827
0.000817
0.000814
0.000811
0.000806
0.000801
0.000797
0.000790
0.000795
0.000793
0.000791
0.000787
0.000780
0.000783
0.000778
0.000780
0.000783
0.000783
0.000781
0.000778
0.000778
0.000771
0.000774
0.000755
0.000758
0.000757
0.000752
0.000755
0.000754
0.000750
0.000755
0.000744
0.000742
0.000745
0.000740
0.000750
0.000738
0.000737
0.000731
0.000724
0.000730
0.000730
0.000724
0.000724
0.000721
0.000718
0.000720
0.000720
0.000718
0.000718
0.000720
0.000720
0.000720
0.000720
0.000718
0.000718
0.000720
0.000719
0.000717
0.000718
0.000718
0.000718
0.000718
0.000720
0.000717
0.000718
0.000718
0.000718
0.000718
0.000718
0.000718
0.000718
0.000720
0.000717
0.000718
0.000717
0.000717
0.000718
0.000717
0.000717
0.000717
0.000717
0.000717
0.000718
0.000717
0.000718
0.000717
0.000718
0.000717
0.000717
0.000717
0.000717
0.000717
0.000717
0.000717
0.000717
0.000717
0.000718
0.000717
0.000717
0.000717
0.000717
0.000718
0.000718
0.000718
0.000718
0.000718
0.000717
0.000717
0.000717
0.000717
0.000717
0.000717
0.000717
0.000717
0.000717
0.000717
0.000717
0.000717
0.000717
0.000717
0.000717
0.000717
0.000717
0.000717
0.000717
0.000717
0.000717
0.000717
0.000717
0.000717
0.000717
0.000717
0.000717
0.000717
0.000717
0.000717
0.000717
0.000717
0.000717
0.000717
0.000717
0.000717
0.000717
0.000717
0.000717
0.000721
0.000717
0.000717
0.000717
0.000718
0.000717
0.000717
0.000717
0.000717
0.000717
0.000717
0.000717
0.000717
0.000717
0.000717
0.000717
0.000717
0.000717
0.000717
0.000717
0.000717
0.000717
0.000717
0.000717
0.000717
0.000717
0.000717
0.000717
0.000717
0.000717
0.000717
0.000717
0.000717
0.000717
0.000717
0.000717
0.000717
0.000717
0.000717
0.000717
0.000717
0.000718
0.000720
0.000717
0.000718
0.000718
0.000717
0.000717
0.000717
0.000717
0.000718
0.000718
0.000718
0.000717
0.000717
0.000717
0.000717
0.000717
0.000720
0.000718
0.000717
0.000721
0.000717
0.000718
0.000718
0.000718
0.000718
0.000718
0.000720
0.000719
0.000717
0.000720
0.000717
0.000717
0.000720
0.000720
0.000720
0.000718
0.000720
0.000724
0.000725
0.000731
0.000730
0.000725
0.000730
0.000725
0.000730
0.000741
0.000741
0.000755
0.000743
0.000768
0.000770
0.000780
0.000771
0.000791
0.000784
0.000798
0.000788
0.000807
0.000816
0.000830
0.000828
0.000847
0.000833
0.000850
0.000853
0.000854
0.000856
0.000857
0.000860
0.000857
0.000860
0.000860
0.000857
0.000860
0.000860
0.000859
0.000860
0.000860
0.000860
0.000861
0.000860
0.000860
0.000860
0.000859
0.000860
0.000860
0.000860
0.000860
0.000860
0.000860
0.000860
0.000860
0.000860
0.000860
0.000860
0.000860
0.000860
0.000860
0.000860
0.000860
0.000860
0.000860
0.000860
0.000860
0.000860
0.000860
0.000860
0.000860
0.000860
0.000860
0.000860
0.000860
0.000860
0.000860
0.000864
0.000860
0.000860
0.000860
0.000860
0.000860
0.000860
0.000860
0.000860
0.000860
0.000860
0.000860
0.000860
0.000860
0.000860
0.000860
0.000860
0.000860
0.000860
0.000860
0.000860
0.000860
0.000860
0.000860
0.000860
0.000860
0.000860
0.000860
0.000860
0.000860
0.000860
0.000860
0.000860
0.000860
0.000860
0.000863
0.000860
0.000860
0.000860
0.000860
0.000860
0.000860
0.000860
0.000860
0.000860
0.000860
0.000860
0.000860
0.000860
0.000860
0.000860
0.000860
0.000860
0.000860
0.000860
0.000860
0.000860
0.000860
0.000860
0.000860
0.000860
0.000860
0.000860
0.000860
0.000860
0.000860
0.000860
0.000860
0.000860
0.000860
0.000863
0.000860
0.000860
0.000860
0.000860
0.000860
0.000860
0.000860
0.000860
0.000860
0.000860
0.000860
0.000860
0.000860
0.000860
0.000860
0.000860
0.000860
0.000860
0.000860
0.000860
0.000860
0.000860
0.000860
0.000860
0.000860
0.000860
0.000860
0.000860
0.000860
0.000860
0.000860
0.000860
0.000860
0.000860
0.000863
0.000860
0.000860
0.000860
0.000860
0.000860
0.000860
0.000860
0.000860
0.000860
0.000860
0.000860
0.000860
0.000860
0.000860
0.000860
0.000860
0.000860
0.000860
0.000860
0.000860
0.000860
0.000860
0.000860
0.000860
0.000860
0.000860
0.000860
0.000860
0.000860
0.000860
0.000860
0.000860
0.000860
0.000860
0.000863
0.000860
0.000860
0.000860
0.000860
0.000860
0.000860
0.000860
0.000860
0.000860
0.000860
0.000860
0.000860
0.000860
0.000860
0.000860
0.000860
0.000860
0.000860
0.000860
0.000860
0.000860
0.000860
0.000860
0.000860
0.000860
0.000860
0.000860
0.000860
0.000860
0.000860
0.000860
0.000860
0.000860
0.000864
0.000860
0.000860
0.000860
0.000860
0.000860
0.000860
0.000860
0.000860
0.000860
0.000860
0.000860
0.000860
0.000860
0.000860
0.000860
0.000860
0.000860
0.000860
0.000860
0.000860
0.000860
0.000860
0.000860
0.000860
0.000860
0.000860
0.000860
0.000860
0.000860
0.000860
0.000860
0.000860
0.000860
0.000860
0.000863
0.000860
0.000860
0.000860
0.000860
0.000860
0.000860
0.000860
0.000860
0.000860
0.000860
0.000860
0.000860
0.000860
0.000860
0.000860
0.000860
0.000860
0.000860
0.000860
0.000860
0.000860
0.000860
0.000860
0.000860
0.000860
0.000860
0.000860
0.000860
0.000860
0.000860
0.000860
0.000860
0.000860
0.000860
0.000863
0.000860
0.000860
0.000860
0.000860
0.000860
0.000860
0.000860
0.000860
0.000860
0.000860
0.000860
0.000860
0.000860
0.000860
0.000860
0.000860
0.000860
0.000860
0.000860
0.000860
0.000860
0.000860
0.000860
0.000860
0.000860
0.000860
0.000860
0.000860
0.000860
0.000860
0.000860
0.000860
0.000860
0.000860
0.000863
0.000860
0.000860
0.000860
0.000860
0.000860
0.000860
0.000860
0.000860
0.000860
0.000860
0.000860
0.000860
0.000860
0.000860
0.000860
0.000860
0.000860
0.000860
0.000860
0.000860
0.000860
0.000860
0.000860
0.000860
0.000860
0.000860
0.000860
0.000860
0.000860
0.000860
0.000860
0.000860
0.000860
0.000860
0.000863
0.000860
0.000860
0.000860
0.000860
0.000860
0.000860
0.000860
0.000860
0.000860
0.000860
0.000860
0.000860
0.000860
0.000860
0.000860
0.000860
0.000860
0.000860
0.000860
0.000860
0.000860
0.000860
0.000860
0.000860
0.000860
0.000860
0.000860
0.000860
0.000860
0.000860
0.000860
0.000860
0.000860
0.000860
0.000863
0.000860
0.000860
0.000860
0.000860
0.000860
0.000860
0.000860
0.000860
0.000860
0.000860
0.000860
0.000860
0.000860
0.000860
0.000860
0.000860
0.000860
0.000860
0.000860
0.000860
0.000860
0.000860
0.000860
0.000860
0.000860
0.000860
0.000860
0.000860
0.000860
0.000860
0.000860
0.000860
0.000860
0.000860
0.000863
0.000860
0.000860
0.000860
0.000860
0.000860
0.000860
0.000860
0.000860
0.000860
0.000860
0.000860
0.000860
0.000860
0.000860
0.000860
0.000860
0.000860
0.000860
0.000860
0.000860
0.000860
0.000860
0.000860
0.000860
0.000861
0.000860
0.000860
0.000860
0.000860
0.000860
0.000860
0.000860
0.000860
0.000860
0.000861
0.000860
0.000860
0.000860
0.000860
0.000860
0.000860
0.000860
0.000860
0.000860
0.000860
0.000860
0.000860
0.000860
0.000860
0.000860
0.000860
0.000860
0.000860
0.000860
0.000860
0.000860
0.000860
0.000860
0.000860
0.000860
0.000860
0.000860
0.000860
0.000860
0.000860
0.000860
0.000860
0.000860
0.000860
0.000863
0.000860
0.000860
0.000860
0.000860
0.000860
0.000860
0.000860
0.000860
0.000860
0.000860
0.000860
0.000860
0.000860
0.000860
0.000860
0.000860
0.000860
0.000860
0.000860
0.000860
0.000860
0.000860
0.000860
0.000860
0.000860
0.000860
0.000860
0.000860
0.000860
0.000860
0.000860
0.000860
0.000860
0.000860
0.000863
0.000860
0.000860
0.000860
0.000860
0.000860
0.000860
0.000860
0.000860
0.000860
0.000860
0.000860
0.000860
0.000860
0.000860
0.000860
0.000860
0.000860
0.000860
0.000860
0.000860
0.000860
0.000860
0.000860
0.000860
0.000860
0.000860
0.000860
0.000860
0.000860
0.000860
0.000860
0.000860
0.000860
0.000860
0.000864
0.000860
0.000861
0.000860
0.000860
0.000861
0.000860
0.000860
0.000860
0.000860
0.000860
0.000860
0.000860
0.000860
0.000860
0.000860
0.000860
0.000860
0.000860
0.000860
0.000860
0.000860
0.000860
0.000860
0.000860
0.000860
0.000861
0.000860
0.000860
0.000860
0.000860
0.000861
0.000860
0.000860
0.000860
0.000866
0.000860
0.000860
0.000860
0.000860
0.000860
0.000860
0.000860
0.000860
0.000860
0.000860
0.000860
0.000860
0.000860
0.000860
0.000860
0.000860
0.000860
0.000860
0.000860
0.000860
0.000860
0.000860
0.000860
0.000860
0.000860
0.000860
0.000860
0.000860
0.000860
0.000860
0.000860
0.000860
0.000860
0.000863
0.000860
0.000860
0.000860
0.000860
0.000860
0.000860
0.000860
0.000860
0.000860
0.000860
0.000860
0.000860
0.000860
0.000860
0.000860
0.000860
0.000860
0.000860
0.000860
0.000860
0.000860
0.000860
0.000860
0.000860
0.000860
0.000860
0.000860
0.000860
0.000860
0.000860
0.000860
0.000860
0.000860
0.000860
0.000863
0.000860
0.000860
0.000860
0.000860
0.000860
0.000860
0.000860
0.000860
0.000860
0.000860
0.000860
0.000860
0.000860
0.000860
0.000860
0.000860
0.000860
0.000860
0.000860
0.000860
0.000860
0.000860
0.000860
0.000860
0.000860
0.000860
0.000860
0.000860
0.000860
0.000860
0.000860
0.000860
0.000860
0.000860
0.000863
0.000860
0.000860
0.000860
0.000860
0.000860
0.000860
0.000860
0.000860
0.000860
0.000860
0.000860
0.000860
0.000860
0.000860
0.000860
0.000860
0.000860
0.000860
0.000860
0.000860
0.000860
0.000860
0.000860
0.000860
0.000860
0.000860
0.000860
0.000860
0.000860
0.000860
0.000860
0.000860
0.000860
0.000860
0.000864
0.000860
0.000860
0.000860
0.000860
0.000860
0.000860
0.000860
0.000860
0.000860
0.000860
0.000860
0.000860
0.000860
0.000860
0.000860
0.000860
0.000860
0.000860
0.000860
0.000860
0.000860
0.000860
0.000860
0.000860
0.000860
0.000860
0.000860
0.000860
0.000860
0.000860
0.000860
0.000860
0.000860
0.000860
0.000863
0.000860
0.000860
0.000860
0.000860
0.000860
0.000860
0.000860
0.000860
0.000860
0.000860
0.000860
0.000860
0.000860
0.000860
0.000860
0.000860
0.000860
0.000860
0.000860
0.000860
0.000860
0.000860
0.000860
0.000860
0.000860
0.000860
0.000860
0.000860
0.000860
0.000860
0.000860
0.000860
0.000860
0.000860
0.000863
0.000860
0.000860
0.000860
0.000860
0.000860
0.000860
0.000860
0.000860
0.000860
0.000860
0.000860
0.000860
0.000860
0.000860
0.000860
0.000860
0.000860
0.000860
0.000860
0.000860
0.000860
0.000860
0.000860
0.000860
0.000860
0.000860
0.000860
0.000860
0.000860
0.000860
0.000860
0.000860
0.000860
0.000860
0.000863
0.000860
0.000860
0.000860
0.000860
0.000860
0.000860
0.000860
0.000860
0.000860
0.000860
0.000860
0.000860
0.000860
0.000860
0.000860
0.000860
0.000860
0.000860
0.000860
0.000860
0.000860
0.000860
0.000860
0.000860
0.000860
0.000860
0.000860
0.000860
0.000860
0.000860
0.000860
0.000860
0.000860
0.000860
0.000863
0.000860
0.000860
0.000860
0.000860
0.000860
0.000860
0.000860
0.000860
0.000860
0.000860
0.000860
0.000860
0.000860
0.000860
0.000860
0.000860
0.000860
0.000860
0.000860
0.000860
0.000860
0.000860
0.000860
0.000860
0.000860
0.000860
0.000860
0.000860
0.000860
0.000860
0.000860
0.000860
0.000860
0.000860
0.000863
0.000860
0.000860
0.000860
0.000860
0.000860
0.000860
0.000860
0.000860
0.000860
0.000860
0.000860
0.000860
0.000860
0.000860
0.000860
0.000860
0.000860
0.000860
0.000860
0.000860
0.000860
0.000860
0.000860
0.000860
0.000860
0.000860
0.000860
0.000860
0.000860
0.000860
0.000860
0.000860
0.000860
0.000860
0.000864
0.000860
0.000860
0.000860
0.000860
0.000860
0.000860
0.000860
0.000860
0.000860
0.000860
0.000860
0.000860
0.000860
0.000860
0.000860
0.000860
0.000860
0.000860
0.000860
0.000860
0.000860
0.000860
0.000860
0.000860
0.000860
0.000860
0.000860
0.000860
0.000860
0.000860
0.000860
0.000860
0.000860
0.000860
0.000863
0.000860
0.000860
0.000860
0.000860
0.000860
0.000860
0.000860
0.000860
0.000860
0.000860
0.000860
0.000860
0.000860
0.000860
0.000860
0.000860
0.000860
0.000860
0.000860
0.000860
0.000860
0.000860
0.000860
0.000860
0.000860
0.000860
0.000860
0.000860
0.000860
0.000860
0.000860
0.000860
0.000860
0.000860
0.000863
0.000860
0.000860
0.000860
0.000860
0.000860
0.000860
0.000860
0.000860
0.000860
0.000860
0.000860
0.000860
0.000860
0.000860
0.000860
0.000860
0.000860
0.000860
0.000860
0.000860
0.000860
0.000860
0.000860
0.000860
0.000860
0.000860
0.000860
0.000860
0.000860
0.000860
0.000860
0.000860
0.000860
0.000860
0.000863
0.000860
0.000860
0.000860
0.000860
0.000860
0.000860
0.000860
0.000860
0.000860
0.000860
0.000860
0.000860
0.000860
0.000860
0.000860
0.000860
0.000860
0.000860
0.000860
0.000860
0.000860
0.000860
0.000860
0.000860
0.000860
0.000860
0.000860
0.000860
0.000860
0.000860
0.000860
0.000860
0.000860
0.000863
0.000860
0.000860
0.000861
0.000860
0.000860
0.000860
0.000860
0.000860
0.000860
0.000860
0.000860
0.000860
0.000861
0.000860
0.000860
0.000860
0.000860
0.000860
0.000860
0.000860
0.000860
0.000861
0.000860
0.000860
0.000863
0.000860
0.000860
0.000860
0.000861
0.000860
0.000860
0.000863
0.000863
0.000861
0.000864
0.000863
0.000870
0.000869
0.000872
0.000874
0.000890
0.000890
0.000899
0.000902
0.000900
0.000916
0.000915
0.000929
0.000928
0.000934
0.000938
0.000952
0.000955
0.000969
0.000970
0.000976
0.000985
0.000976
0.000992
0.000995
0.000996
0.000999
0.001003
0.001002
0.001001
0.001002
0.001003
0.001003
0.001002